6 0.5442524314055304 0.460326988632619 0.09719420432948098 0.3251011858759707
5 0.549321205606027 0.5291724460189451 0.02980567466803503 0.020830697240056394
6 0.6287415817748727 0.3078798729664622 0.06249195140261463 0.26825116801906324
5 0.6276603499252452 0.359428736196987 0.031404536104353474 0.027107970779006774
6 0.5637938135263042 0.1903281343305479 0.06686128883482798 0.21364548863591432
5 0.5610409973677213 0.2605997240221224 0.023555674668035032 0.02072160308425506
2 0.2941125726014905 0.21140469886161423 0.18917262607064966 0.29077282467404075
5 0.2815489400879331 0.22212401055001152 0.0392443071815924 0.03193183847375849
5 0.3874227319478233 0.020045087659684317 0.028243174668035033 0.020803423701106123
4 0.5833346747662309 0.05471791679795198 0.12394656010845857 0.08965460957707685
5 0.5834073976388678 0.04221791679795198 0.03605567466803503 0.02093979139585782