2 0.7987376997141491 0.7378843305617775 0.3441121647829409 0.4616305800445433
2 0.3548959304768554 0.7180387386219111 0.3374256551642939 0.4490578547103617
2 0.4823810018989166 0.36250525926959387 0.2536111611547437 0.3746749253659985
2 0.4438120313030113 0.19804331727404817 0.17408237386128267 0.24411472135581716
2 0.7523313702330856 0.14755932256527737 0.19984626569391467 0.26628062269254427
2 0.24948921177986666 0.9224727946371832 0.25850695916315997 0.1123385573679073
5 0.4803001467267734 0.3476796906031393 0.053035719962933214 0.04278748400699968
5 0.3325968337422328 0.7956733899586383 0.06742560217691818 0.052326116008908664
5 0.8062153830165932 0.7729678552275958 0.07222222958158006 0.05550566000954511
5 0.7633234339354165 0.14899455323045926 0.04338790145127884 0.034865896005727
5 0.5257192518140986 0.036868912595503275 0.030505955534962936 0.02378294533736345