2 0.5579953489432866 0.31294686246027825 0.17210330073868468 0.3117765674386807
2 0.3036436713483853 0.23047462889343776 0.21299192115199359 0.3580346248093752
2 0.1444162006170477 0.78828125 0.28212371623333754 0.4234375
2 0.947156801131468 0.2509450102554175 0.10568639773706394 0.26653549620027783
6 0.6286588695295462 0.6434532864722227 0.07701805971567524 0.3486206443766669
6 0.5720599324666751 0.8436279391139238 0.0831407946885605 0.31274412177215244
6 0.5855925872358216 0.08861966289711855 0.053988584112563666 0.14967399810013896
5 0.6337418001495095 0.7115311392457644 0.032967036104353475 0.027326219414791807
5 0.5663553540114522 0.9443059652338199 0.03927157825883114 0.036846689779513754
5 0.2921203640685971 0.26379562195958356 0.0392352168225127 0.03059668977951393
5 0.5580544362773041 0.32310311246027823 0.0439227168225127 0.030705792553055566