2 0.31749498200767157 0.4647879891627662 0.25359252076433875 0.3127387164253531
2 0.5851011690087837 0.6432763809872706 0.30398590486638355 0.4285838923187962
2 0.7042031106362832 0.14459348326844812 0.16882413666229362 0.19549286661563353
2 0.5003269527155405 0.10887752326888564 0.177471094568919 0.18337486859279992
6 0.4858255659826597 0.2234029382879137 0.10283511561560629 0.1865688527754691
6 0.5763742422486666 0.1746245400747996 0.08410052616718496 0.15930601581733078
6 0.6232429950206768 0.3245409684397005 0.10943372611071514 0.21957235376405224
5 0.5877333453453778 0.6653105484777566 0.05540013154179633 0.04122717787060921
5 0.30683820306847637 0.4729679036875026 0.04905912628012441 0.039410009885831696
5 0.4832165054734333 0.2413080212917193 0.024620568401734034 0.02126750494291585
5 0.621968921357271 0.3464159684397005 0.031143584186749607 0.026209672927693363
5 0.7137146185287909 0.14263173524561448 0.03463260523343692 0.03258700692008221
5 0.507888823733993 0.07316285775556601 0.029490078925077868 0.02458350593149903
6 0.9718316844408633 0.282361374598661 0.0392276419239657 0.19177100593149907
5 0.5816609817253229 0.17797237456148 0.019842063140062295 0.019514003954332716