2 0.6048571527689044 0.7572296676120261 0.2573078014003606 0.48554066477594765
5 0.550869634110404 0.8227315312462927 0.056686352005090514 0.03848184740221221
2 0.760694241366953 0.2608839163909149 0.19257149737427087 0.3048625982129911
5 0.778045373368862 0.2752464253193686 0.036228401336727244 0.025627291395857822
6 0.5207783133752253 0.31762129139256257 0.06066696936663476 0.2463216209411625
5 0.5213055720480433 0.36293379139256254 0.028361357336090798 0.020803423701106105
6 0.5686152820257716 0.19973040786949825 0.06192038669636233 0.21978639448011292
5 0.5692516286998621 0.25441790786949825 0.02369203866963616 0.022284103084255057
2 0.5291249733449994 0.09515595616521491 0.13949994668999893 0.17427507142762994
5 0.5325954186823629 0.12489800324311559 0.034720445337363515 0.030287517856907486
2 0.3108295066836356 0.1304001607121673 0.1669351507001803 0.24973872158978572
5 0.3032079106858627 0.14667004301741562 0.0330852200031817 0.024010244317957154
6 0.35565713144490396 0.8244250758918568 0.11195784404836137 0.35114984821628636
5 0.35934630012726687 0.9435819991859258 0.03481135200509069 0.03810001785690744
2 0.11313327677431322 0.7929823867694752 0.20950555338954285 0.4140352264610495