2 0.28309015299823426 0.7194412429706867 0.3572195795420095 0.5193537373846062
5 0.24524705397116894 0.880708382755439 0.06490797970746058 0.051421258891340214
2 0.42607117085843704 0.26554349338497146 0.2484331404196279 0.3690925641014079
5 0.38245753855318876 0.27539368238393547 0.04270569724005639 0.03165241439185813
4 0.8440108729697574 0.5006546240734957 0.3119782540604851 0.497585745242489
5 0.8608918246707453 0.6291970010379665 0.05377956493480838 0.039974336641599176
6 0.6909228291382676 0.16407292287342273 0.0859489569792892 0.1835445541766104
5 0.69189499391092 0.17497403556986982 0.025327282467404188 0.019914393713693725
2 0.6629869695611909 0.05250630004278124 0.13178756249917606 0.10501260008556249
5 0.670953428165333 0.008191219811322875 0.0316045560063543 0.01638243962264575
6 0.6275984890396561 0.34372834367542165 0.11332966314779931 0.23165672249741007