2 0.41451864991443743 0.5923751199475025 0.24762428659881794 0.35425333736472575
2 0.7864321912707665 0.6224411438972319 0.2890498072769823 0.37191355203690757
7 0.7632300159206535 0.32567523189850467 0.22476467535011296 0.2993294800286351
4 0.5883240994618808 0.09865348663272884 0.17664819892376152 0.19730697326545768
6 0.307234727045524 0.3364529312937745 0.09365591645877273 0.23377611067790854
6 0.3748780295695046 0.07693193328295686 0.0674144400324213 0.13977157200827234
6 0.9444713418111401 0.2531536998727332 0.11105731637771968 0.2996920120146357
6 0.7201883755167287 0.043674537953547594 0.07162675103345731 0.08734907590709519
5 0.3163422074008168 0.41451429662636546 0.034267992142117086 0.03163180800445442
5 0.4334570485905299 0.6968989879455935 0.05196491439185813 0.042769302673454135
5 0.7998782611631425 0.6426081932288684 0.06006851282028158 0.04911020934118149