2 0.3375 0.47890625 0.190625 0.2734375
2 0.63984375 0.5953125 0.215625 0.3859375
2 0.64140625 0.08515625 0.13046875 0.16953125
2 0.4328125 0.0859375 0.1390625 0.171875
6 0.44609375 0.2078125 0.0625 0.17421875
6 0.5234375 0.14140625 0.05 0.15
6 0.60390625 0.27734375 0.0609375 0.20859375
5 0.64765625 0.615625 0.0484375 0.03125
5 0.32890625 0.4890625 0.0421875 0.03125
5 0.44765625 0.22578125 0.02109375 0.0171875
5 0.60703125 0.2984375 0.02578125 0.0203125
5 0.65 0.08125 0.02890625 0.0265625
5 0.4328125 0.05703125 0.02578125 0.01875
6 0.9640625 0.15625 0.05625 0.18359375
5 0.52890625 0.14375 0.01640625 0.015625