2 0.24348966060658955 0.5729188286516147 0.28573418039203735 0.39845672247985353
6 0.6180903565229056 0.5816791876520462 0.11852683302444263 0.3521806444174139
6 0.5699628474524129 0.3670717869881163 0.0975397212288776 0.28800906010845856
6 0.5274032921027845 0.13289677488786789 0.07778772721932725 0.21447156615858282
8 0.40935020734906136 0.06546085265571976 0.16870041469812272 0.1309217053114395
7 0.6353869176933477 0.09241669975229463 0.12971232576804842 0.1804056383672898
5 0.22405266904410998 0.6652381388582691 0.059122028855940555 0.03783634328594587
5 0.6140229046161398 0.6442155490883646 0.03686508293962447 0.02677157825883114
5 0.5663219814804965 0.4194473532448949 0.03374008293962447 0.02675339754067192
5 0.528067980214552 0.17430757006740766 0.02749008293962447 0.026717036104353477
5 0.3999206436467305 0.0625302536142373 0.03837301923729371 0.025218168617910836