6 0.6340872736516341 0.6627233251350342 0.11483441011329312 0.36639002583555574
5 0.6434994243362061 0.7382136344055897 0.035584672927693364 0.030487587005972115
6 0.5950671719019291 0.35611095564399253 0.10132105536065765 0.2646093202884723
5 0.6067103260465423 0.41515864732336755 0.029271005931499162 0.028779616641249995
2 0.198197489088404 0.4418380886214929 0.26904174904859784 0.3965165497712501
5 0.19185198859411243 0.4443273089862151 0.05002917490485981 0.040189895326597204
2 0.29460023418266923 0.06807197388010391 0.15340352570316257 0.1253299211621529
5 0.28407656965793276 0.058170297018367824 0.037019838935304604 0.02739895459715282
2 0.3788374050588342 0.8356932721327427 0.32354356524648953 0.31661215064493076
5 0.35304954338611655 0.9705410508180898 0.06884284190105419 0.042188806420763926
6 0.7639154006102099 0.8478042271111452 0.13047004448624283 0.21377417211208324
6 0.5167405365403964 0.2096373055677426 0.08505938539871387 0.2486206443766667
2 0.28112403011460574 0.24556119424482614 0.20559206129215682 0.2951345813063891