2 0.33671875 0.81796875 0.2609375 0.3640625
5 0.328125 0.88125 0.05703125 0.03125
4 0.8015625 0.33203125 0.18203125 0.3953125
5 0.79453125 0.4265625 0.040625 0.0265625
8 0.4640625 0.2328125 0.19453125 0.44453125
5 0.446875 0.3484375 0.0390625 0.028125
2 0.615625 0.1546875 0.15078125 0.259375
5 0.609375 0.15390625 0.034375 0.0234375
6 0.7078125 0.090625 0.05234375 0.16171875
5 0.71328125 0.1109375 0.01875 0.015625
6 0.98203125 0.26796875 0.0359375 0.2015625
2 0.3375 0.08046875 0.2265625 0.16015625