2 0.5921875 0.75546875 0.24375 0.4890625
5 0.5359375 0.8140625 0.05625 0.0359375
2 0.7625 0.25234375 0.184375 0.29765625
5 0.77890625 0.26640625 0.0359375 0.025
6 0.5203125 0.30859375 0.05390625 0.24375
5 0.51953125 0.35390625 0.02734375 0.01953125
6 0.571875 0.19140625 0.05625 0.2171875
5 0.57109375 0.24609375 0.02265625 0.02109375
2 0.5359375 0.0859375 0.134375 0.171875
5 0.53828125 0.11640625 0.034375 0.02890625
2 0.315625 0.121875 0.16015625 0.24375
5 0.3078125 0.13828125 0.03203125 0.02265625
6 0.34140625 0.82109375 0.1015625 0.35703125
5 0.340625 0.93515625 0.034375 0.03671875
2 0.0984375 0.790625 0.196875 0.41875