2 0.5749568844023092 0.08874925274504185 0.16258623119538154 0.16589881468808992
2 0.3804865042231421 0.3529828333863612 0.2723202470304991 0.3405544640356347
2 0.33774037773839166 0.18367830271322513 0.13651181301126608 0.07500109468490827
1 0.6949498209953318 0.31600319076222283 0.3422763605166187 0.5975317173774525
4 0.4198706353267461 0.7168706950190901 0.3352080065974105 0.5662586099618199
8 0.4069282984297896 0.11571010005567925 0.17051840314042077 0.2237840400222717
5 0.4345144938648078 0.8866044027291334 0.062346887305303154 0.049146572008272216
5 0.7277299140939875 0.5055111334340863 0.05265363855894432 0.038099984006999675
5 0.38993204889200805 0.431244193387952 0.04939224623907634 0.03337612133990877
5 0.41495374709700616 0.1353413473901792 0.03831835391920824 0.02856135200509069
5 0.5819570421615834 0.06304072807922363 0.03197742570596276 0.0253636266709089