2 0.19383069787739168 0.5246767065767566 0.373736962744774 0.45060373738460624
2 0.2935246739175197 0.2309759024001461 0.2577339891943076 0.30495728949430206
2 0.3935540369728773 0.12965961311073185 0.21270991553090174 0.2593192262214637
2 0.8545678607068703 0.149526617663355 0.21023736291418338 0.2653468258882322
2 0.5473105556004902 0.32823393031702086 0.22850151550266684 0.31138707195929083
6 0.5136041425592501 0.45212734863782045 0.13033703128768243 0.31148977171162173
6 0.6219597580336821 0.11672919603278653 0.07968604195220053 0.16421235731976358
4 0.6249629316688532 0.07906131875647496 0.17756209983059074 0.15812263751294992
5 0.8685925633518237 0.16289775889584937 0.038956084186749604 0.026746590570540584
5 0.11142074530302551 0.5885080742356024 0.05879814732681177 0.0463698858558109
5 0.26913932394575457 0.26171863420318103 0.047769642065139985 0.04429796360606986