2 0.7327702498303639 0.6456048113850048 0.3191320121505356 0.5048794393023662
5 0.74964523658352 0.7439241367169698 0.05772321996293321 0.04251475292686635
6 0.4225793166127378 0.35762458499632643 0.09735618275429014 0.23801815046753827
5 0.4211532258685649 0.3537274253554061 0.027435519237293704 0.025154536104353475
2 0.4288367842134181 0.15606663017586628 0.17440975607526782 0.2525260780624395
5 0.42683777459477124 0.1685757205349459 0.03513889183263199 0.022074987899751618
6 0.6669022686043216 0.09375648595484401 0.07836808057737184 0.18635565651766242
5 0.6668650630693588 0.1171894407753042 0.02247520072563951 0.017314765027114643
6 0.5230629885672546 0.0540324732654204 0.06637402286549073 0.1080649465308408
5 0.5267063437393977 0.03755245863108921 0.02247520072563951 0.017314765027114643
6 0.30706341090028966 0.6012160245932803 0.11009428493120836 0.28964428298109546
5 0.30327372278852194 0.6426359101318997 0.032232146641955416 0.02830680718159222