6 0.6390625 0.696875 0.05703125 0.36015625
5 0.6421875 0.7734375 0.03203125 0.0265625
6 0.625 0.384375 0.06015625 0.2578125
5 0.63203125 0.4453125 0.02578125 0.025
2 0.225 0.4125 0.209375 0.36796875
5 0.21875 0.4140625 0.04453125 0.034375
2 0.35078125 0.053125 0.13671875 0.10546875
5 0.34140625 0.0421875 0.0328125 0.0234375
2 0.37109375 0.846875 0.27578125 0.30546875
5 0.3359375 0.9671875 0.0625 0.03984375
6 0.75234375 0.9 0.0984375 0.2
6 0.559375 0.22734375 0.04609375 0.24375
2 0.3234375 0.22890625 0.16171875 0.27265625