6 0.4348456084050477 0.7847768369953194 0.13560985721791355 0.31609452669174554
5 0.4339112457103509 0.8331188365010277 0.03693771034569906 0.035839340912470874
6 0.3624678739109609 0.33548249113993245 0.09207515439406197 0.21443918479069152
5 0.3567407111371218 0.35319657315515485 0.02568196159934022 0.024456171939110226
7 0.7278692165473981 0.4767839007589341 0.22071228292387648 0.3445325444862428
5 0.6743183192129651 0.5136180558921304 0.028943353919208194 0.029271005931499162
2 0.7615959765100209 0.8401262287826429 0.3068771034569899 0.3197475424347143
2 0.7003446439692207 0.17445739680460143 0.18764371865896906 0.28075920456235504
5 0.7072766055685609 0.19814956478937898 0.03666492570596276 0.026464340912471008
2 0.4939378681049732 0.08021135380123331 0.14725073620994636 0.12616986364988403
5 0.5033977846397362 0.02987577277459406 0.03179556927947225 0.02002333992388783