6 0.4359375 0.77421875 0.1 0.30390625
5 0.43828125 0.82265625 0.0328125 0.03125
6 0.33828125 0.334375 0.06875 0.20546875
5 0.33359375 0.353125 0.0234375 0.021875
7 0.709375 0.42890625 0.184375 0.32109375
5 0.65859375 0.47265625 0.0265625 0.0265625
2 0.7671875 0.82265625 0.26640625 0.3546875
5 0.78046875 0.9859375 0.06015625 0.028125
2 0.66484375 0.13046875 0.1578125 0.26015625
5 0.67265625 0.153125 0.034375 0.021875
2 0.45390625 0.05859375 0.13359375 0.11640625
5 0.46015625 0.009375 0.0296875 0.01875