2 0.3570113453610953 0.06941721042910427 0.13526102076024663 0.1030208509957919
6 0.350473479771226 0.3110317915546303 0.10384387749004845 0.21270338584218215
5 0.3541396492388783 0.324422168959292 0.027517504942915848 0.024365082939624562
6 0.5054806788591926 0.07538201215053558 0.06408635771838504 0.11769842068857253
6 0.7700471280215211 0.6330581360118183 0.13566156326932308 0.30431053248413775
6 0.6734507233454353 0.2918850097882829 0.11567271543676991 0.23496033175849823
6 0.6209093606841345 0.15118559871835718 0.09982753954332715 0.19071925843752052
5 0.7860514714054501 0.6812054593327959 0.03427684091247105 0.0370833377489479
5 0.6790468073378241 0.29520098274644085 0.02758117193911023 0.025927582939624473
5 0.6266327786689121 0.1576265716765152 0.025891337946721472 0.022748019237293703
5 0.5061027613687065 0.071503044001701 0.019450336958138338 0.017842264427970277