2 0.3260291670705565 0.7767927148356066 0.3255464170333755 0.41308865671569084
5 0.31135651342023496 0.8394122235420338 0.0625291749048598 0.042256099050060315
4 0.8371869125847511 0.3327086064017505 0.2529365879839026 0.42955246042459255
5 0.8206307653602203 0.4259606394184373 0.04502333992388792 0.033542840343632994
8 0.5102357989348671 0.22224573496199468 0.27359659786973434 0.44449146992398936
5 0.48269307216657176 0.31762135346107445 0.04352450692008229 0.03502345318850333
2 0.6695988700756746 0.14171669097760273 0.1972702253226018 0.28343338195520545
5 0.6632852030794802 0.1382636448455042 0.03864600593149916 0.03009029172311406
6 0.7675296926993569 0.08451780500989756 0.0818123685927997 0.1690356100197951
5 0.7715141971479812 0.1044065439864216 0.021076503954332713 0.01981453301668675
6 0.9930562747145792 0.28492512438043194 0.013887450570841509 0.20591580732694634
2 0.4000583498097196 0.07095987392614671 0.2532416996194392 0.14191974785229342