8 0.33007338543589493 0.6434567509045112 0.5400969842570312 0.7130864981909777
2 0.7060854457022876 0.5686790739468313 0.2824330869953194 0.42642081637205786
2 0.6542059748283101 0.3094778143358929 0.20597938045579803 0.23375528154634875
2 0.38801063045579803 0.2432951351189648 0.21047056228073996 0.3057121687014785
2 0.5843670242202877 0.14522388455313795 0.19060904844057552 0.2391864099950512
2 0.3249641438016708 0.3031371246035152 0.15391817885919243 0.065755554047586
2 0.36845818133065045 0.08869284430036192 0.1332820266917457 0.13327724672063965
5 0.7190483607213155 0.5615626147654342 0.04990184091247087 0.03847600180902226
5 0.3973020588206989 0.2991323773170487 0.019705004942915848 0.024420145861557073
5 0.5948243631555924 0.17227770748391644 0.032268671939110406 0.026637743102595035
5 0.36503209239534573 0.062007513567667316 0.030515170950527092 0.02186835594746528