2 0.41953125 0.3828125 0.1546875 0.28984375
5 0.4203125 0.47265625 0.0421875 0.028125
6 0.2265625 0.6578125 0.0703125 0.3453125
5 0.2296875 0.7140625 0.03203125 0.02109375
6 0.5890625 0.2734375 0.05546875 0.25
5 0.5890625 0.3265625 0.02265625 0.0234375
6 0.6875 0.2328125 0.05546875 0.21953125
5 0.68671875 0.2765625 0.01953125 0.01875
5 0.6125 0.16328125 0.02578125 0.02265625
8 0.35703125 0.15859375 0.14375 0.3171875
6 0.31953125 0.859375 0.0890625 0.28125
6 0.5484375 0.89296875 0.090625 0.2140625
6 0.8546875 0.92734375 0.11875 0.1453125