2 0.6432196338882994 0.9110263181899725 0.3261999273985097 0.17794736362005495
2 0.4430954941462675 0.13834549431480514 0.170059011707465 0.2348285682605597
2 0.6438994700439666 0.14613342043963776 0.1464851563212708 0.21002598933548197
6 0.38414163320092837 0.46549255226378267 0.1014362767345796 0.2526993367469984
6 0.5478546752572102 0.4007838521084909 0.08723742134838534 0.2284427893919517
6 0.603619382808145 0.2188127862670056 0.06970448770335977 0.16806673151356133
6 0.6885433077707676 0.3980368256589573 0.09809310811666876 0.2150173262236546
6 0.7219865459651068 0.5601951914157379 0.10773172852997774 0.2608758577936857
6 0.6468587600571449 0.7121224414863251 0.12821694535249045 0.2917464261954198
5 0.6442104830279778 0.7643296835938174 0.03301248789975162 0.03628611049510866
5 0.3753706211988758 0.4954607733245875 0.028279536104353475 0.028200594710093264
5 0.546982521666414 0.41636334947765496 0.023555674668035032 0.02167757892507769
5 0.6899376361277947 0.4270340809206291 0.025163626463433175 0.029581084186749606
5 0.6004080243968886 0.2334745257436619 0.02199317466803503 0.021586573663405863
5 0.6421642532214539 0.1757299151779659 0.029823855386194253 0.025166599971765135
5 0.43821709660559555 0.1708849785297896 0.03917158430895533 0.02102513154179624