6 0.8662319626679225 0.7797486476444604 0.14276379301741562 0.30716519566510636
5 0.879739309259356 0.8557063111806137 0.03659206493480838 0.03896434091247088
2 0.6718872678602027 0.41917985665543966 0.23798656412073385 0.39536021543677
5 0.685486117698047 0.4451693536896902 0.04898297077900686 0.03322367688202608
2 0.3475400584452817 0.5292020913695815 0.269119561685102 0.47938238836446345
5 0.3462445653451406 0.6034208413695815 0.05216251785690744 0.03647601087441501
2 0.3644913737838317 0.1842251723962208 0.1983865016215578 0.27351970752810456
5 0.3590908076312075 0.18054175688290117 0.03475682954530477 0.023275673916276586
2 0.575489149351377 0.09622244809938334 0.17402170129724617 0.19244489619876667
5 0.5830931436693341 0.049626043423297586 0.031659103084255236 0.02471083992388783
5 0.344589751217816 0.02733584384103948 0.02998750892845372 0.01839717292769344