2 0.6882945052514582 0.5747931866934958 0.27451238804899775 0.37195189034162973
5 0.7021570105824584 0.5914076837277463 0.052089758672817864 0.04741351087441501
2 0.3289900412158236 0.851809261825817 0.31250218936981644 0.28135606524648943
5 0.3291343971992789 0.9736205948296227 0.06591590133672706 0.027674013840164234
6 0.8925803738860962 0.8022948096977389 0.14484197469763488 0.23391869665368964
5 0.912111076543642 0.8686546387472118 0.03789998933799978 0.03590300790866543
2 0.36441265726450317 0.4919421719019292 0.28307032272436106 0.4363327253226018
5 0.3650206372533673 0.5739097549057348 0.047274989337999784 0.0362850098858317
7 0.433383022636865 0.2017681580617648 0.1796715080362711 0.2743818705699662
5 0.3944926979630926 0.2556717494685274 0.023655676002545256 0.019705004942915848
2 0.5807494659850462 0.09996953060889736 0.1666260680299077 0.19993906121779473
5 0.5863363946530915 0.0760612094309088 0.03470226400381797 0.02952567391627663
2 0.2643704879853643 0.097382359429815 0.2381010786919079 0.19476471885963
5 0.32223753198600064 0.08994593178776096 0.02994203866963625 0.02308467292769345