2 0.3802647677099798 0.7653029319304615 0.2970232733245874 0.3925371393028364
2 0.7096106334667605 0.7984817234842334 0.30600343117474293 0.4030365530315331
2 0.44539507096198283 0.11836373416902517 0.20016514192396567 0.20053334577069998
5 0.36705911242007305 0.7926500039567289 0.05861613680346807 0.04357293758467122
5 0.7106942623071336 0.9290466858871905 0.05540013154179615 0.041846663274411354
7 0.6594407023626048 0.3165090643358929 0.196068447100933 0.2906670228399214
5 0.6099713233810572 0.3497442882166111 0.026456084186749607 0.02631019448207601
7 0.6685749657285458 0.09890548450770942 0.11712585779368574 0.11206398801421238
5 0.6391303894343039 0.07477526571537389 0.01800654735504672 0.014963258706427274
6 0.5269536970303457 0.38200018826203963 0.11172426820408994 0.23328389077317438
5 0.4651538341161624 0.12329357360814705 0.03417757892507787 0.025157130257724793