2 0.41080645535443594 0.371787639857827 0.1991228871732169 0.3190971524473093
5 0.4256422970746054 0.46007659513361626 0.04591251785690744 0.03701415258848364
6 0.2636855880634261 0.6798794028708324 0.1233240462638265 0.3583878946253886
5 0.275577661926688 0.7339298660391294 0.03481137662320544 0.027002115756780753
6 0.5616268413131322 0.23083787421398583 0.09350808684890541 0.2598747999152954
5 0.5695717548679686 0.28277210053646246 0.025463650162155814 0.028018584186749608
6 0.6520921542193456 0.17160781640618264 0.08986488960884884 0.2300052893919517
5 0.6583245633099551 0.21503929799033114 0.02225682954530477 0.02314907366340595
5 0.5674756465087079 0.11788284790562656 0.028588650162155817 0.028200594710093264
8 0.31411486728771465 0.16826175799838855 0.19177403733537268 0.3365235159967771
6 0.38624420088691386 0.8463550003529358 0.1311717280826074 0.2714339261954198
6 0.6177396627374669 0.8469487216255022 0.12423988960884884 0.23200740514873247
6 0.9261834082732401 0.820381432445312 0.14030917451188502 0.16894596302712267