7 0.6102293265036529 0.7926731118723868 0.27226490813612686 0.36669531017246637
7 0.6228062168452826 0.5222878372652808 0.22058039133021304 0.284751797352185
6 0.37308071984821317 0.12532090777682958 0.06832287155854946 0.1840882096771284
6 0.4633661857420936 0.2825276321362664 0.078907544486243 0.21421235731976357
6 0.5775254807226281 0.07417368858693385 0.0583112015966055 0.1483473771738677
5 0.3697819649052973 0.14886756968748838 0.019577670950527093 0.02118579528527027
5 0.46140709631249743 0.31147026943981937 0.02432883794672147 0.02296661910658786
5 0.5788014792397533 0.0712925715495152 0.02094916996194378 0.016571069892376156
6 0.7548215152858582 0.2868875306074711 0.07597354547482596 0.21875430810555185
5 0.7638635928524563 0.313758245661283 0.02276633794672147 0.022893844499481997
5 0.5647562949061724 0.5499441104246447 0.03083350593149916 0.029507717535011226
5 0.5412008008004904 0.9175318707637269 0.03721083992388792 0.032923815963434674