2 0.2758621421319708 0.7197679645688411 0.29537661352223876 0.4563482545523465
7 0.5938175197877037 0.10830945892745555 0.1525805246489437 0.2166189178549111
2 0.6223010459069855 0.05829090696785142 0.14289790818602893 0.11658181393570284
6 0.6818166502725711 0.4903195276466141 0.1095675090451115 0.24500627461060626
6 0.33300177125804176 0.28439275422314214 0.07824890999505119 0.18325042069139796
6 0.33954942164215457 0.14457173627645345 0.06995173111680746 0.14400606426490725
7 0.37447769957045873 0.048866920097830856 0.12111143939369332 0.09773384019566171
5 0.2642319233396352 0.7481884812618885 0.058379066033373575 0.04226170783841656
5 0.6915258429456248 0.5134387789002554 0.0263101944820761 0.025727425705962936
5 0.3301257547496984 0.29461720038307615 0.025982645861556984 0.019477425705962937
5 0.5608888331075438 0.13345106518934408 0.021377033016686652 0.020903533386094873
5 0.6327782004749698 0.012010322711191464 0.029025758706427318 0.01800585391920826