2 0.3517781988006604 0.8195932049975255 0.31174411910979194 0.3608135900049489
2 0.597933579406528 0.2779102317941759 0.20065984232430586 0.3070290072360892
2 0.5664991286090973 0.13424876300184044 0.18612325721819473 0.21887390999505119
2 0.3417712323325695 0.10062295624072104 0.1425537887533334 0.15728795680654795
6 0.33878005100552117 0.4414559961548128 0.0829255220358335 0.21034435775648763
8 0.7472712303357992 0.7751211275999621 0.3281341449453475 0.4497577448000758
6 0.7128656355429515 0.15362396200647224 0.055090156344514085 0.15426477611928177
5 0.34701927003906324 0.8960206654221181 0.06035692496187508 0.04529921189493038
5 0.603402329406528 0.2781968368371301 0.03651938145888885 0.026883404567984305
5 0.7139014586812154 0.1646024055840371 0.01591594072944442 0.013318871551297518
5 0.34073540919430567 0.08964451266315616 0.03183188145888884 0.026637743102595035
5 0.575855944813507 0.13395883593261892 0.03481141109416672 0.020551517412854547