2 0.40618032168758306 0.2203401552956302 0.2009294934412793 0.2649829528527029
2 0.5824130303031533 0.04022677791687475 0.1351739393936935 0.0804535558337495
2 0.2863292463819554 0.08520436879700159 0.1930550384437537 0.17040873759400318
7 0.656001100747541 0.5095309720876344 0.2583878686106214 0.3798845148871962
6 0.8070125655831475 0.7955304764308606 0.14755883197588995 0.2578211162111037
6 0.7873750107425922 0.32260455273337757 0.1132723631835546 0.22816784946188076
6 0.575776848711376 0.13684479694240934 0.09272084577069997 0.19291955417661044
6 0.5298778505203984 0.09066330976269091 0.07578565128862387 0.16719180810555187
6 0.4608689009499397 0.05074905500517997 0.05951219810012063 0.10149811001035994
5 0.8226165541631868 0.8844281565384844 0.03938340456798457 0.037684090570540715
5 0.7950237364323327 0.3253656796978483 0.0294351944820761 0.02630994292790545
5 0.3954508616016748 0.23175069024181827 0.03716580732694626 0.025111315963434678
5 0.3201653358210773 0.062243019025534585 0.03099769448207601 0.026382717535011292
5 0.462762271596726 0.04780802977890156 0.019732645861557076 0.019623295285270292
5 0.5358855110812765 0.10986707403071456 0.018006371551297563 0.016425520678164406
5 0.5800991785395595 0.15846508581753885 0.021213258706427318 0.018133569892376133