2 0.7081108607213156 0.5130132796313256 0.22736890220462785 0.33029897483619663
2 0.4306968320524035 0.3818213754086847 0.20313822334543535 0.27210464529089184
6 0.39211585722409337 0.10651741234031568 0.054549531634661544 0.15084547970746054
6 0.4453880958553869 0.05529562885696652 0.04540002471457925 0.11059125771393304
6 0.25162868634792834 0.879830001624853 0.11261138243296431 0.23461255357072233
4 0.4150068009492145 0.6299276388013653 0.25274026980884445 0.49312625730360066
7 0.5753912722431215 0.09550027151365074 0.12750687056996632 0.17866256249917617
7 0.9075034352849831 0.08089012094445787 0.12125687056996633 0.16178024188891574
5 0.25033278319189844 0.9439606854722289 0.04346083992388783 0.031986385551659426
5 0.42816732862954343 0.7610412711066137 0.051464340912471054 0.03681025324641087
5 0.7182498646756482 0.5315996383976236 0.05576983893530461 0.027517073863261743
5 0.5446506082126765 0.10854574229265754 0.019450336958138338 0.017514782467404087
5 0.44388926285158126 0.05323272524652896 0.017760502965749582 0.014362508928453744
5 0.39200311068413446 0.12293729910979087 0.017887836958138337 0.017487508928453722
5 0.8706082717488298 0.08800182265203649 0.014699169961943781 0.015870461850553054