6 0.3703125 0.1775330848981306 0.071875 0.18323065651766238
6 0.425 0.11783992233034397 0.0671875 0.16132838544042358
6 0.5234375 0.14148597970832805 0.0796875 0.18327610831306052
6 0.6125 0.14643657924078984 0.0640625 0.16287270472226437
6 0.61875 0.05922851249303187 0.0625 0.11845702498606374
2 0.3625 0.05414103669352869 0.134375 0.10078177088084714
2 0.35078125 0.4846779643866258 0.23125 0.31540787314378343
2 0.66171875 0.4875564829297819 0.2375 0.32638173458010195
5 0.34375 0.5050313710024842 0.0453125 0.033076120413308985
5 0.66875 0.48985932631392365 0.0453125 0.034638620413308986
5 0.3734375 0.1962649041799714 0.021875 0.017314765027114643
5 0.428125 0.14125924161218475 0.021875 0.020439765027114642
5 0.528125 0.1688024586310892 0.021875 0.022002265027114644
5 0.61640625 0.1589138533430908 0.0203125 0.015743174668035032