2 0.35234375 0.6328125 0.22890625 0.46328125
2 0.6515625 0.40078125 0.21640625 0.36640625
2 0.396875 0.0859375 0.134375 0.171875
5 0.3453125 0.77578125 0.04921875 0.0296875
5 0.6609375 0.42890625 0.04140625 0.02890625
6 0.5484375 0.13359375 0.059375 0.165625
2 0.56953125 0.0453125 0.1046875 0.090625
5 0.5703125 0.009375 0.02734375 0.01640625
5 0.55 0.1515625 0.0203125 0.01953125
6 0.63828125 0.109375 0.05234375 0.15078125
5 0.63828125 0.12734375 0.01640625 0.015625
7 0.909375 0.0796875 0.10390625 0.12109375