2 0.7281190349260032 0.7836376186336986 0.30524305366555105 0.3728825366848003
5 0.7495309474937898 0.8377113531942925 0.05961134933607006 0.04235263605166182
2 0.34699980337096337 0.5485916465430101 0.2535714693565955 0.3526322211662517
5 0.3536906857863248 0.6241910401165194 0.04706589754067192 0.03417642319868044
2 0.6548708698241337 0.41539373548503067 0.2503464754067197 0.33535379295300627
5 0.6826918636758137 0.4966293636191336 0.04393180718159222 0.032522994985435004
2 0.33181866832332324 0.22241559144930295 0.1920521863754999 0.2508591210079671
5 0.3287391201187213 0.23031901966254828 0.03610112646343318 0.029170674452321597
8 0.5445681323171656 0.13423729301951332 0.21101126463433123 0.26847458603902663
5 0.5635272105759969 0.16019542161583478 0.03452953610435365 0.02756271034569897
6 0.6738829275949012 0.06735601840890706 0.08214085518980241 0.13471203681781413
5 0.6871959938516798 0.06204977513933165 0.021974993949875808 0.01782399749271755
2 0.35816247882456526 0.05117239192415664 0.12559087334017516 0.10234478384831328