4 0.7586725806947181 0.3767728669172001 0.07771697560311139 0.20244997060135778
4 0.7421839965821544 0.2291542384684976 0.06616133118569749 0.09562676051544958
4 0.6846527768327755 0.14620561963073359 0.05873971662612103 0.1624048247398008
8 0.40522837636523723 0.08480050627580725 0.1870192527304745 0.1696010125516145
2 0.5066686773985095 0.1797595053155253 0.19042605386194272 0.24428334577069996
2 0.6065999788245653 0.04578505427472855 0.11632495764913067 0.0915701085494571
5 0.3473431534926003 0.06228980156119508 0.02980567466803503 0.02186835594746528
5 0.47392890027114654 0.19397913557325003 0.032948855386194256 0.025157130257724793
5 0.7587316680287357 0.3869291169172001 0.023564765027114732 0.023103307326946255
5 0.6830948220123153 0.1470687567858633 0.01884999394987581 0.01817014586155703
5 0.610583496876742 0.04146056592183189 0.02822499394987581 0.018661468792335524