6 0.41015625 0.16640625 0.05 0.17734375
6 0.471875 0.1140625 0.0484375 0.15546875
6 0.56640625 0.15 0.0578125 0.17734375
6 0.6546875 0.16640625 0.04453125 0.15859375
6 0.671875 0.07421875 0.046875 0.1265625
2 0.41796875 0.04296875 0.12421875 0.08515625
2 0.353125 0.46875 0.196875 0.29296875
2 0.66171875 0.5109375 0.20234375 0.303125
5 0.34375 0.48828125 0.04296875 0.028125
5 0.66796875 0.5140625 0.0421875 0.02890625
5 0.4109375 0.18515625 0.01953125 0.01484375
5 0.471875 0.1375 0.01953125 0.01875
5 0.56796875 0.178125 0.01953125 0.01953125
5 0.65703125 0.17890625 0.01875 0.0140625