2 0.7466179201153131 0.7860587485678228 0.2810032653863196 0.39535105203690757
2 0.3622396540634033 0.6225171532861384 0.24938958947451423 0.3793624253659985
2 0.7874896547289933 0.3932894458943685 0.2269327080156252 0.35410788669636234
2 0.5498389586812154 0.12098028325909434 0.14996755167111128 0.20169086401972636
7 0.34917007750666695 0.29601828795354757 0.17366093123013915 0.28007040268936256
7 0.625804659478646 0.26232235124923114 0.13768706363895866 0.2780897320178174
5 0.35462717581489633 0.6312018099538658 0.04916485182361115 0.03181362133990877
5 0.7780685950771882 0.8278917125636867 0.05556032218833327 0.03813634667409076
5 0.8103472329012504 0.46882524789150504 0.04280574905006951 0.027053396005727138
5 0.5894866061920142 0.3135399532543218 0.019150043502986235 0.017405676002545344
5 0.5609037452503474 0.12632176392427621 0.03165004350298624 0.017551126670908877
5 0.30135147976711835 0.35674724996022905 0.025509146276527783 0.022165901336727068