2 0.3465121230140039 0.7117973640757989 0.3049869627447741 0.44088479882131965
2 0.6578606047393267 0.565346470267813 0.26411976806291565 0.38219947663298637
2 0.4136962918816133 0.24446635334222258 0.17602896288594838 0.2896469943004168
2 0.35708372888272544 0.07618782560680586 0.12888240514873237 0.12314917211208343
2 0.5735277762377721 0.0952690531897227 0.1626805524755442 0.16762652393569458
6 0.325209186507002 0.3594354302802086 0.09213981029746474 0.24244337955902787
6 0.5447866681617377 0.2849666796146185 0.0855411998023559 0.20952177678548614
7 0.6807843523202524 0.34274542486496584 0.19386891026922992 0.2744584053945835
5 0.3461781940465739 0.7328547464846183 0.05852513154179624 0.04037173328249999
5 0.677421946818584 0.5931084475663895 0.05540013154179633 0.04029899810013902
5 0.3339009180205633 0.4282945330537503 0.03288809471009326 0.028852351823611143
5 0.5838051235787013 0.12437532494121577 0.03619510523343692 0.03205008700597225