8 0.31358871861217075 0.5107239795349277 0.33180068165798177 0.6584011567156909
5 0.3179413687975052 0.7210473258714546 0.052872028855940556 0.040202276119281774
2 0.7260514799600981 0.7581456976498947 0.31627485226173613 0.392448608095172
5 0.7484869859505479 0.8302730031678187 0.06095734736759475 0.04842421189493038
6 0.6795411339432655 0.23654401458777943 0.08979665389834963 0.2043400192218768
5 0.6825743647059719 0.2613392966999551 0.02091270072563951 0.01825203301668683
2 0.5286855059904498 0.06144103177349135 0.15200398801910034 0.1228820635469827
5 0.5317385841207509 0.025160536523189735 0.0336855192372937 0.02671963025772479
2 0.43960312550574515 0.34113741858993685 0.10297126569391465 0.2689757293077852
2 0.3558209248649238 0.04590011957293307 0.13786707694917483 0.09180023914586614
5 0.34993551261387174 0.008754784034769236 0.02888889183263199 0.017509568069538472