2 0.7565728419430562 0.7101411385662318 0.344377393995417 0.5007476240451798
5 0.7702723192416325 0.7279553472310957 0.058867160144236055 0.045985209341181485
2 0.6164861704965628 0.36558371125082195 0.2661406783803475 0.36081242003499836
5 0.6323293760436461 0.3747768979153675 0.04447735182361114 0.0317590773392725
6 0.655998692913646 0.14944054324477682 0.0887027433504862 0.18691929201145402
5 0.6667186405769445 0.1735411145767314 0.02554551386770836 0.02372840133672711
6 0.5449137629177778 0.04700917063177433 0.06170252583555573 0.09401834126354866
5 0.5487109101442361 0.0389399425923216 0.019186411094166723 0.018968176002545335
2 0.3520301590973964 0.6874972632877293 0.2839100598392365 0.3860124147039983
5 0.3463802243518756 0.7133512386219112 0.05712282218833335 0.03815452800763595
2 0.3519300951740974 0.21315124395291124 0.21196101823611135 0.31488175469445323
5 0.3561824905006946 0.26155238128582037 0.039680749050069505 0.027017033338636053
2 0.3436422036472223 0.0585182879535476 0.1274002610179167 0.10457950668363558