2 0.45546875 0.23125 0.15625 0.2375
2 0.6484375 0.05703125 0.11484375 0.1140625
2 0.34921875 0.071875 0.165625 0.14375
7 0.6765625 0.56640625 0.1921875 0.3453125
6 0.80078125 0.88046875 0.1015625 0.2390625
6 0.82265625 0.40390625 0.07265625 0.21484375
6 0.63046875 0.17890625 0.0578125 0.18203125
6 0.5890625 0.12421875 0.0453125 0.15859375
6 0.52578125 0.059375 0.03671875 0.11875
5 0.80859375 0.97265625 0.03359375 0.03203125
5 0.8296875 0.40859375 0.02578125 0.021875
5 0.44453125 0.240625 0.034375 0.01875
5 0.384375 0.05703125 0.02734375 0.02109375
5 0.5265625 0.06875 0.0171875 0.01640625
5 0.59296875 0.14453125 0.015625 0.0140625
5 0.6328125 0.2015625 0.01875 0.01484375
5 0.65625 0.02734375 0.02734375 0.01796875