2 0.4022949988683463 0.38602775292856845 0.2042935108541339 0.29832870653952137
5 0.40237688602347604 0.38759025292856847 0.042098968792335566 0.029780341901054184
2 0.6945112336031982 0.6136938606097725 0.3095210006773687 0.46165106030357367
5 0.7046674836031983 0.6132800251345089 0.05344590456798422 0.03803851087441501
2 0.7245484571452321 0.33531685121823224 0.22427846223361492 0.29290637749004844
5 0.7330946195151326 0.36393659973535747 0.04382524310259513 0.03296900889724856
2 0.42692210538163844 0.21356516251038907 0.20610831637205784 0.2734560405319101
5 0.42621942051050077 0.23003507950658345 0.04218085594746519 0.031342841901054186
2 0.481062971505869 0.09275920847950667 0.174625943011738 0.18551841695901333
5 0.4587785357302202 0.07447348760552927 0.032396420171816584 0.023148339923887828
2 0.298770444932302 0.890530863612703 0.3502876843053107 0.19825440517037726
2 0.705961152193135 0.1599176031953986 0.1669019742194024 0.17986786661563353
2 0.6521257440071062 0.04059718920213477 0.15047139077317445 0.08119437840426955
2 0.40113645409301446 0.0589890449433534 0.07414790818602893 0.1179780898867068
6 0.9916253352552504 0.31688920889943617 0.016749329489499233 0.22152217292769336