2 0.3521650905745368 0.6495427299490932 0.3156796299365504 0.49722263470718
2 0.621170584035933 0.3707433785805494 0.28411711668970663 0.3984578707033619
2 0.3298561363903364 0.10314953528804753 0.1660317716843645 0.19247949602163533
5 0.3627975118112635 0.7923296666136388 0.05443452885594056 0.03811816534054522
5 0.6335242510963084 0.3971513372454131 0.04651290145127884 0.03490225867281786
6 0.4860689308553735 0.12475981126673034 0.09043157095872498 0.174419292011454
2 0.4960466207812397 0.04353927263686501 0.12040675843752062 0.08707854527373002
5 0.4927232133395112 0.004249505967546948 0.03017857332097762 0.008499011935093895
5 0.4893749801297341 0.14190185793286672 0.02420139183263199 0.022147720003181704
6 0.5725619915624796 0.0854876785885036 0.08051093393541642 0.15868520401018135
5 0.5742782589856746 0.10342915658818544 0.01940476442797028 0.018968176002545346
7 0.8359449344835707 0.04001318861395697 0.12498513103285873 0.08002637722791393