2 0.69921875 0.8953125 0.3015625 0.209375
2 0.396875 0.11328125 0.1421875 0.2265625
2 0.59609375 0.09375 0.1234375 0.1875
6 0.38046875 0.45703125 0.071875 0.240625
6 0.53359375 0.36328125 0.059375 0.21796875
6 0.565625 0.1734375 0.05 0.15859375
6 0.671875 0.3359375 0.07265625 0.20234375
6 0.72578125 0.490625 0.07734375 0.246875
6 0.67109375 0.6546875 0.09296875 0.275
5 0.675 0.70703125 0.02890625 0.03046875
5 0.37578125 0.48828125 0.02578125 0.02421875
5 0.534375 0.37890625 0.021875 0.01796875
5 0.6765625 0.3640625 0.02265625 0.025
5 0.5640625 0.18828125 0.0203125 0.01796875
5 0.59765625 0.1234375 0.028125 0.01953125
5 0.39609375 0.15546875 0.0375 0.01484375