2 0.6859375 0.53125 0.20234375 0.31953125
2 0.41875 0.3859375 0.1828125 0.2625
6 0.40078125 0.109375 0.04375 0.1484375
6 0.45859375 0.0578125 0.03671875 0.115625
6 0.20234375 0.8796875 0.09453125 0.240625
4 0.384375 0.6328125 0.21640625 0.48125
7 0.58515625 0.1078125 0.1140625 0.17265625
7 0.91875 0.1015625 0.1078125 0.17578125
5 0.19609375 0.9375 0.040625 0.0296875
5 0.3875 0.7640625 0.0484375 0.03359375
5 0.69453125 0.55078125 0.05390625 0.025
5 0.553125 0.11953125 0.01875 0.01640625
5 0.45703125 0.059375 0.01640625 0.01328125
5 0.4 0.12578125 0.01640625 0.01640625
5 0.8796875 0.11640625 0.0140625 0.015625