2 0.3600991250557716 0.59296875 0.21531457117798852 0.3375
2 0.4105408409496521 0.43125 0.22188290615896053 0.3453125
2 0.6930787683259698 0.48203125 0.21097989825029514 0.3078125
2 0.3953748028891998 0.25078125 0.154931533611828 0.159375
2 0.3802405983268448 0.07109375 0.1259788626613009 0.1390625
8 0.5966388725471325 0.1859375 0.15632689034162972 0.2703125
2 0.5895691773763178 0.05078125 0.14788835475263545 0.1015625
5 0.36494047535978275 0.6734375 0.04951983893530469 0.0265625
5 0.702022686805039 0.490625 0.0432061719391104 0.025
5 0.6113181378701718 0.25859375 0.03539367193911023 0.025
5 0.3785361768820262 0.0484375 0.03064250494291585 0.0234375