2 0.70234375 0.75390625 0.26328125 0.46171875
5 0.71328125 0.7734375 0.053125 0.03671875
2 0.6265625 0.39140625 0.20859375 0.32890625
5 0.640625 0.403125 0.03984375 0.025
6 0.70390625 0.18515625 0.05703125 0.17890625
5 0.71015625 0.2109375 0.021875 0.0203125
6 0.61484375 0.05546875 0.0421875 0.1109375
5 0.61796875 0.05859375 0.01640625 0.015625
2 0.3078125 0.66328125 0.2234375 0.3515625
5 0.29765625 0.6875 0.05234375 0.0296875
2 0.39296875 0.196875 0.16171875 0.29140625
5 0.38828125 0.2453125 0.0359375 0.021875
2 0.4125 0.04296875 0.1125 0.0859375