2 0.72265625 0.7984375 0.26484375 0.3875
2 0.3453125 0.62421875 0.23359375 0.371875
2 0.7796875 0.40703125 0.21328125 0.3484375
2 0.553125 0.128125 0.14140625 0.19765625
7 0.3453125 0.29765625 0.16171875 0.275
7 0.6234375 0.271875 0.1265625 0.275
5 0.3375 0.63203125 0.04765625 0.0296875
5 0.75234375 0.84140625 0.05390625 0.03671875
5 0.79921875 0.48359375 0.04140625 0.0265625
5 0.58515625 0.321875 0.01875 0.0171875
5 0.5640625 0.13359375 0.03046875 0.0171875
5 0.2953125 0.35625 0.02421875 0.021875