6 0.5890499230738013 0.673412773583281 0.1238913800648426 0.2819990228654907
5 0.5897605525194713 0.7054167417321155 0.032705492142117085 0.03234127404661713
6 0.8035191455712113 0.7900993096956157 0.11938797063538331 0.3192807680561671
5 0.8099725068199163 0.8449232189514427 0.03441354135632899 0.035520837748947896
2 0.378938560791639 0.5163194922802697 0.24355321670644176 0.3392163005403049
5 0.3732150996667685 0.5106597693221117 0.05926799214211709 0.0332688569862416
2 0.4296597289075508 0.14838051333166194 0.17243588792272552 0.25249506134007815
5 0.4260488854415261 0.22157247667117308 0.035539393713693815 0.026200401451278842
6 0.5871575516954112 0.0634028565229055 0.042774004962398846 0.0810515925582714
5 0.5889191048385642 0.05098470207640179 0.016279971463952592 0.014608137023308565
6 0.7003983378799442 0.5688840194069297 0.09409256410140791 0.24507937622353532