7 0.63828125 0.825 0.2515625 0.35
7 0.64453125 0.5546875 0.2046875 0.271875
6 0.38515625 0.140625 0.05703125 0.18046875
6 0.47890625 0.30390625 0.06640625 0.209375
6 0.58828125 0.09296875 0.0484375 0.1640625
5 0.38203125 0.1640625 0.01875 0.0203125
5 0.478125 0.3328125 0.0234375 0.02109375
5 0.58984375 0.1 0.01953125 0.015625
6 0.77109375 0.32734375 0.06328125 0.21484375
5 0.78046875 0.3546875 0.021875 0.02109375
5 0.58671875 0.57890625 0.0296875 0.02734375
5 0.571875 0.94609375 0.03515625 0.03046875