2 0.67265625 0.8359375 0.2546875 0.328125
5 0.68515625 0.89296875 0.05546875 0.0328125
2 0.33671875 0.53359375 0.20390625 0.3171875
5 0.33046875 0.609375 0.04375 0.02578125
2 0.6609375 0.459375 0.20390625 0.29921875
5 0.675 0.54453125 0.040625 0.02578125
2 0.37421875 0.20859375 0.15703125 0.22421875
5 0.3703125 0.21640625 0.0328125 0.02265625
8 0.60078125 0.14140625 0.16640625 0.2828125
5 0.6125 0.190625 0.03203125 0.021875
6 0.73984375 0.1015625 0.05703125 0.1625
5 0.75 0.11640625 0.01953125 0.0140625
2 0.428125 0.04296875 0.11328125 0.08515625