6 0.514850500914221 0.795483238632619 0.1463735701894054 0.3351307508107787
5 0.5124948220550285 0.853295738632619 0.03571200692008212 0.033412517856907444
2 0.30005180775775364 0.5220109622542949 0.26075440517037735 0.3449342191541538
5 0.2899446373015181 0.5398160710205928 0.04971083992388783 0.032095479707460586
2 0.6408943250579592 0.4458707966675683 0.26339924410568205 0.3715239926931041
5 0.6345859752482396 0.5239412495896676 0.046585839923887915 0.03204093262955983
6 0.6827939594680899 0.20424240421605028 0.08162136760421675 0.16380912986961632
5 0.6823801239928263 0.21439865421605026 0.021012836958138336 0.01754205600635439
2 0.4741113206465159 0.0684746793798537 0.13615235870696818 0.12260347727182856
5 0.48164924802283365 0.01778888676617988 0.030451503954332715 0.019268197240056455
6 0.7167643942587814 0.1188367382255819 0.05678319368794007 0.12902502678536126