2 0.371875 0.41484375 0.16171875 0.275
5 0.371875 0.41640625 0.03828125 0.025
2 0.675 0.62265625 0.2421875 0.42734375
5 0.68515625 0.621875 0.04921875 0.03125
2 0.68984375 0.34375 0.1828125 0.2671875
5 0.7 0.37109375 0.0390625 0.0265625
2 0.3875 0.240625 0.16640625 0.25
5 0.3875 0.25703125 0.03828125 0.0265625
2 0.434375 0.1 0.14453125 0.2
5 0.41171875 0.1 0.0296875 0.01875
2 0.29453125 0.92421875 0.3265625 0.1515625
2 0.6625 0.16953125 0.1421875 0.16015625
2 0.6015625 0.0421875 0.13671875 0.084375
2 0.353125 0.071875 0.053125 0.14375
6 0.98203125 0.30546875 0.0359375 0.2171875