6 0.31875 0.890625 0.09375 0.21875
6 0.515625 0.9203125 0.09296875 0.159375
2 0.721875 0.809375 0.2328125 0.29609375
6 0.671875 0.91171875 0.0703125 0.17578125
2 0.3390625 0.59296875 0.1859375 0.37421875
2 0.69609375 0.49140625 0.19921875 0.3296875
2 0.63984375 0.26875 0.16640625 0.259375
2 0.81171875 0.10546875 0.1578125 0.21015625
2 0.41875 0.0671875 0.121875 0.134375
6 0.96171875 0.4375 0.0765625 0.3
5 0.34140625 0.61328125 0.04921875 0.03828125
5 0.71015625 0.59296875 0.046875 0.03671875
5 0.728125 0.86875 0.0578125 0.03984375
5 0.9796875 0.50625 0.02890625 0.025
5 0.834375 0.103125 0.034375 0.0265625