2 0.32352719470921865 0.3827251322938897 0.22566389981828588 0.35151599163225705
2 0.36482938263257403 0.11129992989632627 0.15619684757972224 0.22259985979265254
2 0.5917360413844298 0.15597344527504553 0.1633409622336149 0.29215427973732644
2 0.5927739981909778 0.034557627205507056 0.13632700361804453 0.06911525441101411
6 0.4355878606971637 0.25141649932263144 0.08531778154634875 0.20080558344622812
1 0.6840076713034703 0.34279733661404677 0.27881763455313796 0.5927075576656305
5 0.6848763732487783 0.5492144329505736 0.04686835594746519 0.03206222749876275
5 0.3170724768213943 0.3869589309144087 0.04037269448207601 0.027047178878243816
5 0.42691222354203384 0.25342937867584514 0.021295145861557074 0.01981453301668683
5 0.3588859198331322 0.18375868781181368 0.032396420171816584 0.023512743102595036
2 0.35680219866594753 0.07173946291301303 0.21287621551297517 0.14347892582602606