2 0.3112944193932902 0.7809722362050019 0.2884575939154015 0.43805552758999616
2 0.3776979411793011 0.2924926118803831 0.2232199130790427 0.3853819724100038
2 0.5903756492016973 0.1035467068857252 0.1473737015966055 0.170535733209777
7 0.5910375409890207 0.2217064298438832 0.16187655338349138 0.258417679126093
6 0.4672883176807664 0.0906424244015876 0.05917336463846716 0.1502926658792491
4 0.7463233354009015 0.796609665647581 0.3061252549800969 0.406780668704838
5 0.3446015982896638 0.33671383783376596 0.04170733893530461 0.02798115626060227
5 0.5535083660841609 0.25951396469027355 0.024137836958138335 0.01800595553496276
5 0.46687448220550287 0.1007986744015876 0.019450336958138338 0.017842264427970277
5 0.5950777366541271 0.08415186614155236 0.029016337946721472 0.022857146641955393
5 0.305980883804296 0.9581250463639537 0.05784167490485981 0.04102679328391083