6 0.70703125 0.7265625 0.07734375 0.25546875
5 0.71328125 0.71171875 0.03125 0.025
2 0.37890625 0.36171875 0.18203125 0.36953125
5 0.375 0.4734375 0.03984375 0.028125
2 0.625 0.265625 0.1625 0.24296875
5 0.63359375 0.271875 0.03359375 0.0203125
2 0.60078125 0.040625 0.109375 0.08125
5 0.60390625 0.03671875 0.02578125 0.01875
8 0.4171875 0.040625 0.14765625 0.08125
5 0.41796875 0.03203125 0.02578125 0.0171875
6 0.7375 0.15625 0.0546875 0.16171875
2 0.02265625 0.0734375 0.0453125 0.14609375
2 0.04140625 0.37890625 0.08203125 0.28125
2 0.29765625 0.94609375 0.3546875 0.1078125