2 0.67890625 0.62890625 0.2265625 0.33203125
5 0.690625 0.6484375 0.046875 0.03984375
2 0.2875 0.86171875 0.27421875 0.2765625
5 0.2734375 0.9703125 0.0609375 0.03671875
6 0.8515625 0.8921875 0.1140625 0.21484375
5 0.86171875 0.9609375 0.034375 0.0296875
2 0.3703125 0.4890625 0.22421875 0.3984375
5 0.3609375 0.5703125 0.04375 0.028125
7 0.47578125 0.21328125 0.14296875 0.25
5 0.43046875 0.26015625 0.021875 0.01640625
2 0.6375 0.1140625 0.13359375 0.228125
5 0.6421875 0.11640625 0.03125 0.0234375
2 0.32265625 0.07890625 0.21640625 0.15703125
5 0.38046875 0.08203125 0.028125 0.01875