6 0.27872965221598395 0.8575569500794302 0.13641618778015677 0.2335137037328784
6 0.4688067344275798 0.9181847585214167 0.12370558762187223 0.16363048295716673
2 0.6884539932030684 0.842849567774182 0.2906610700708949 0.314300864451636
6 0.6236760908540705 0.9258666193163094 0.10459187476889084 0.14826676136738115
2 0.3413898104374765 0.5689541461016707 0.26012177540202897 0.4058989926931041
2 0.7098299218785321 0.5379043380634261 0.2635817445232167 0.3637933133099551
2 0.6867631802583094 0.30871171590444757 0.21764946740532806 0.28802965421934557
2 0.8806004453020042 0.18091181858166555 0.1990071159934022 0.23772964529089177
2 0.4972901886380866 0.07661446184725777 0.14770537727617317 0.13844666558343127
6 0.9560778184215423 0.5353459484512818 0.0878443631569155 0.3110932329538713
5 0.3412223258768827 0.5900342593321956 0.056051423198680436 0.04782957386326192
5 0.7089015708623178 0.6401799042160503 0.054397994985435 0.04467730032431163
5 0.6872157536279098 0.9146617069759937 0.06551735141192587 0.051118215096963834
5 0.9856977795919176 0.6060130044576363 0.02860444081616471 0.030260244317957152
5 0.9033021594086268 0.18286978489644548 0.04001724623907634 0.03349433847375849