6 0.7479094842570314 0.7114434348233758 0.1011937213682689 0.2599022408266178
5 0.7527415642950874 0.6957866185665973 0.03389483893530461 0.026753397540672096
2 0.38686857760377924 0.365805244539051 0.2169699130790427 0.3792976563212706
5 0.3929832678316782 0.4775149041799714 0.04183467292769345 0.029923849336070063
2 0.623068721368269 0.25581157924078984 0.18525038638729702 0.25258062021691713
5 0.6318853058549493 0.2612303322658519 0.03526633794672165 0.022074987899751618
2 0.577404758402957 0.03833475039278346 0.11730951680591399 0.07666950078556692
5 0.580992673421985 0.028658726781461825 0.027390170950527093 0.0204670361043535
8 0.39481509288963734 0.043999203553418804 0.15519151878308035 0.08799840710683761
5 0.39524617441056814 0.03442797951193634 0.027326503954332716 0.018904536104353498
6 0.7254204471479813 0.14034513964383605 0.06918503460041112 0.16442611436318472
2 0.01732410425834386 0.09914148194782325 0.03261086463846719 0.1485920361043535
2 0.058581751520055805 0.4020983103048503 0.09602606030357363 0.28642837939029936
2 0.358862866195704 0.9442302263886784 0.363768022737413 0.10990328258831213