2 0.3754813171013941 0.6464214248676787 0.2660368062808415 0.4540640533834914
2 0.6958343033778476 0.285299605172565 0.18098454169936495 0.26644203657757737
2 0.5952252349563052 0.1160415288788768 0.15709240063313815 0.2320830577577536
2 0.3918849377801568 0.21555608543808252 0.16159804420664753 0.24380303262324476
2 0.4007417975718598 0.04538813066576273 0.11867109514371958 0.09077626133152546
7 0.6617718212580292 0.7544289485564939 0.22919002414838782 0.4213497124710205
7 0.7291542348897982 0.5702184332334547 0.1928146034569899 0.3511990385547438
5 0.3681461902209323 0.6631460098486507 0.052426318025830906 0.03178851087441501
5 0.6062325265891633 0.8349096274156864 0.03519335391920819 0.029525673916276675
5 0.7086070880175837 0.2941652692030098 0.03505696159934022 0.024838173916276584
5 0.38719743778015675 0.21574708642666565 0.03353992570596294 0.026337006920082295
5 0.6017252875427299 0.11549112395564527 0.030233069279472245 0.01995967292769345