6 0.43125 0.5703125 0.07890625 0.2703125
5 0.43125 0.628125 0.0265625 0.02578125
6 0.50703125 0.77109375 0.090625 0.2953125
5 0.50546875 0.81953125 0.03203125 0.03125
2 0.66796875 0.46640625 0.2375 0.44453125
5 0.68046875 0.54140625 0.04453125 0.03203125
6 0.6171875 0.1078125 0.05703125 0.15078125
5 0.62109375 0.13359375 0.01875 0.01796875
2 0.56484375 0.0578125 0.09921875 0.115625
5 0.5703125 0.01484375 0.02578125 0.01875
6 0.59765625 0.884375 0.09609375 0.23125
8 0.36875 0.25546875 0.25546875 0.5109375