2 0.39921875 0.73984375 0.23828125 0.3703125
5 0.38359375 0.77109375 0.05234375 0.0296875
4 0.61484375 0.28984375 0.178125 0.3671875
5 0.61796875 0.38828125 0.0375 0.025
6 0.35859375 0.14609375 0.05703125 0.16796875
5 0.35625 0.165625 0.01953125 0.01953125
2 0.16640625 0.05703125 0.12890625 0.1140625
5 0.15703125 0.078125 0.0265625 0.0171875
6 0.478125 0.03125 0.0375 0.0625
5 0.4796875 0.009375 0.01484375 0.01484375
6 0.60859375 0.03046875 0.03515625 0.0609375
5 0.6078125 0.0078125 0.01484375 0.01328125