2 0.22711046360606985 0.04334720827688596 0.3042209272121397 0.08669441655377191
2 0.3942831168302763 0.36073394561372985 0.26063370884855885 0.3752743962002413
2 0.686718981593638 0.5357151769576799 0.28105752481199353 0.41219454206179834
2 0.7008177531003719 0.24990715174290917 0.200411030602962 0.1866346200809595
2 0.45259426881613757 0.20026343509828023 0.22818077377853635 0.31434354025277605
2 0.5009889193542569 0.11139344414339176 0.20197783870851377 0.22278688828678353
2 0.6838185359796454 0.08320815015899982 0.17421240363849116 0.16641630031799964
6 0.6040947644729113 0.3591360668263431 0.10877149420903187 0.22703389077317437
5 0.6812181523956369 0.6025718063108935 0.04996576674922295 0.035351001809022266
5 0.3834055829175455 0.44666812358746244 0.04520549214211718 0.033542840343633175
5 0.5973931542576636 0.4002114461795567 0.02431079528527036 0.019978307326946342
5 0.7006401246881591 0.3133521760531687 0.03866439371369381 0.02696529172311406
5 0.6999144168730576 0.04555052238969555 0.03234161910658777 0.025075243102595034