7 0.59375 0.08359375 0.109375 0.1671875
6 0.58515625 0.2140625 0.05390625 0.15625
6 0.4625 0.06171875 0.03828125 0.1234375
7 0.04609375 0.04453125 0.08203125 0.0890625
2 0.34921875 0.534375 0.2203125 0.40859375
2 0.67421875 0.6953125 0.26640625 0.4859375
2 0.0140625 0.08359375 0.028125 0.1671875
5 0.33828125 0.640625 0.04453125 0.028125
5 0.6875 0.7859375 0.04921875 0.03125
5 0.5625 0.09921875 0.01640625 0.01328125
5 0.58515625 0.22421875 0.01953125 0.01484375
5 0.4625 0.07265625 0.01484375 0.01484375