6 0.5751525953290493 0.6643938268589391 0.10785899355709247 0.28275085779368575
5 0.5808349687674204 0.7007940584430876 0.028270445745273775 0.026638094710093263
6 0.6568878877781146 0.47441429799033114 0.08409424063022612 0.22513577886860806
5 0.6632606076256895 0.49514402694364373 0.026698855386194254 0.024984589448421347
6 0.7808834030998169 0.2944776270565832 0.07151242739850971 0.21034523677523326
5 0.7872606681269316 0.31598860600989587 0.02200226502711473 0.02314907366340586
4 0.5935510538619427 0.1998840058263692 0.18170555971567523 0.3573406050922626
5 0.6026447736113216 0.285320976887174 0.03451135538619425 0.025439615756780755
2 0.5689863493360701 0.02565463445498083 0.10984769867214013 0.05130926890996166
2 0.378624969749379 0.07518346857114325 0.12596357806243946 0.1503669371422865
5 0.3769715661585828 0.04838023193708437 0.028243174668035033 0.021950594710093287
2 0.3654902072563471 0.3585287766612951 0.20339875253408274 0.3273646787556686
5 0.35928111387220535 0.3659240477079825 0.039217036104353474 0.02883763154179624
2 0.07718116529826113 0.2362112448089153 0.1533623910977643 0.3182025103821694
5 0.046362957354542975 0.3122501000423523 0.034502265027114655 0.023877115756780753
2 0.7716832034457181 0.862393169149958 0.3182056202169171 0.19347406811938547