8 0.10656173736656263 0.1453125 0.21290526918604188 0.290625
8 0.4248012846692709 0.05253717904127501 0.1558525693385418 0.10507435808255002
7 0.6030717550339931 0.05526782024093481 0.10926851006798621 0.11053564048186962
6 0.651637848023889 0.11485606353269481 0.06450021751493065 0.08812004809323425
2 0.68596221589941 0.3130381031884086 0.20145992933027798 0.33801589908902613
2 0.3896346893982643 0.4477058021847675 0.20356663677722242 0.2943750264936878
2 0.7377871275622575 0.7256273832254755 0.2849660264042365 0.5048611479078998
5 0.7563046574818758 0.9165425599044976 0.05556032218833344 0.03940972958157971
5 0.38525631392329907 0.46115074329176 0.041279616641249996 0.02954365626060227
5 0.6889053779435071 0.30511647578374684 0.03811824905006951 0.027872028855940555
5 0.36695241707809034 0.04426334365457974 0.026998911094166723 0.01967758293962455
5 0.05240222064906267 0.20224205707890888 0.033358013867708355 0.024583337748947987