8 0.28083380454332385 0.9088755606699543 0.488064716024817 0.1822488786600914
8 0.8364160212842295 0.37150030744744933 0.326149802752996 0.6396464920432707
8 0.5380716173217733 0.09142881007317845 0.1582317653564534 0.17213063335454448
6 0.3593557239815463 0.14013738804899772 0.07203972668681721 0.14925566000954502
2 0.47456726523714077 0.7142117820655425 0.3351782627307244 0.47571126137808883
2 0.6018688459580019 0.31642026674885987 0.23205216804581602 0.34015447469763493
5 0.3615994766470464 0.14875841004931592 0.023673857336090797 0.020585220003181658
5 0.5486727626511826 0.12046232940799655 0.031504538669636165 0.022238626670908878
5 0.6097177086250929 0.3133861734165871 0.04256930800445424 0.03330339600572705
5 0.8854785879217311 0.586944041454449 0.0441136266709087 0.03175907733927232
5 0.5009388612349136 0.730927114735815 0.05826703333863605 0.039735209341181486