2 0.49536158002657055 0.3948277368825586 0.25074928659881796 0.3638455732694627
2 0.525235093056249 0.8774643379687838 0.35924668320799574 0.24507132406243234
2 0.2970312036812724 0.129907664517607 0.2173459735308673 0.215578491632257
7 0.797114632755439 0.27202315920208175 0.2025985769216895 0.30053334577069996
6 0.6854343083149488 0.5175636312737776 0.12080061331561964 0.2510446008590826
6 0.5541373823411542 0.10813996438132141 0.07290246071058562 0.15968926051544957
6 0.45917163875129496 0.07888515434084169 0.053531722497410075 0.1119135018090223
6 0.5245076943756475 0.05489877770116151 0.03848461124870504 0.05657090456798428
5 0.6965879780834905 0.5471249785148157 0.026018844499482087 0.0231851944820761
5 0.4892935165443353 0.39059393826203964 0.04520549214211726 0.033542840343633085
5 0.7562498842031811 0.3254856739014028 0.024456344499482086 0.023103307326946255
5 0.5603681116629897 0.1256959565794053 0.019550520678164495 0.018170145861556984
5 0.4608796879655067 0.07584204149597143 0.017988020678164317 0.018088258706427274
5 0.5247452888751295 0.03298283412359663 0.016134422249741043 0.011756371551297518
5 0.33879917266402576 0.15794081128367515 0.02736302067816441 0.018579581637205765