6 0.584375 0.6546875 0.090625 0.28515625
2 0.62421875 0.25859375 0.17109375 0.2859375
2 0.37734375 0.35 0.1828125 0.36328125
2 0.5859375 0.05078125 0.11640625 0.10078125
2 0.021875 0.31484375 0.04375 0.3359375
2 0.1203125 0.12890625 0.146875 0.2578125
5 0.11328125 0.18515625 0.03046875 0.01953125
5 0.371875 0.46015625 0.0390625 0.0234375
5 0.5875 0.0078125 0.025 0.015625
5 0.63046875 0.2625 0.03515625 0.0265625
5 0.5828125 0.6984375 0.0296875 0.02734375
7 0.9453125 0.47578125 0.109375 0.3234375
5 0.9265625 0.53046875 0.02421875 0.0234375