2 0.3588348192632305 0.5248980825406601 0.24199078938572488 0.3914653738594446
5 0.3525302752625942 0.5294401121759378 0.047202264003817974 0.029216027735416716
6 0.6249336286203203 0.3560442054501741 0.08210561736154424 0.20966724715020843
5 0.6285035239497295 0.3850413744281255 0.02369203866963616 0.02242051386770836
6 0.5545676793045923 0.22468379625586854 0.06915108402290801 0.17031380642076394
5 0.557438140634956 0.24663153143822963 0.017351132001908985 0.014462543502986147
8 0.3887705039783646 0.1684668977951392 0.17700104137490716 0.3102868026210418
5 0.386180758633047 0.25671178020395863 0.0314863573360908 0.021039851823611143
8 0.11365287265277338 0.10501676795177092 0.16293744668999893 0.17562086189159737
5 0.10931027064768269 0.14242584897381955 0.028343176002545344 0.01940461664125004
7 0.5963744659850462 0.124066853626563 0.1322510680299077 0.22333101006798622