2 0.7625 0.87734375 0.271875 0.2453125
2 0.521875 0.32109375 0.1640625 0.30234375
2 0.3453125 0.07890625 0.171875 0.1578125
2 0.5609375 0.0765625 0.128125 0.153125
2 0.0609375 0.103125 0.121875 0.20625
7 0.62421875 0.1734375 0.125 0.2296875
6 0.51640625 0.70546875 0.08359375 0.28125
5 0.78046875 0.9921875 0.0578125 0.015625
5 0.5203125 0.74609375 0.028125 0.02578125
5 0.5125 0.35078125 0.0375 0.02578125
5 0.56875 0.046875 0.0265625 0.01640625
5 0.3859375 0.07421875 0.028125 0.01796875
5 0.03984375 0.15859375 0.02578125 0.02109375