2 0.3797288157488824 0.324387452624556 0.18709444561520333 0.2516964531727101
5 0.3786475568204286 0.34154767077339054 0.03799092370110611 0.029434528855940556
2 0.3579431392051071 0.09458090153609684 0.13227848620028232 0.15296628729346104
5 0.36000051704612857 0.11106899708959313 0.03004205600635439 0.021349210344286274
2 0.6194573376629796 0.1154390716765152 0.1748478157455871 0.17631450725639414
2 0.5615317893672629 0.0751116828391081 0.14256142126547414 0.11584823320977704
5 0.5536920158283125 0.07640136432745381 0.02225682954530477 0.022638891832631992
2 0.008884076298893881 0.14251488221398514 0.017768152597787763 0.17252976442797027
2 0.6448140734595201 0.2750149683184706 0.22127062256272048 0.3309672909216581
2 0.6254037800350674 0.4017585175928312 0.24200013392680617 0.26610618275429015
2 0.6722888681050841 0.6715278697697494 0.3128150146072013 0.47626492195451675
2 0.6382336477331144 0.8616369375636136 0.33637742532266374 0.27672612487277287