8 0.1078125 0.13125 0.17734375 0.2625
8 0.60859375 0.15078125 0.1328125 0.2609375
6 0.46953125 0.2078125 0.059375 0.16171875
2 0.4015625 0.11953125 0.15 0.23828125
2 0.6515625 0.41640625 0.18203125 0.28203125
5 0.6921875 0.83203125 0.25546875 0.3359375
5 0.7046875 0.91328125 0.04296875 0.02734375
5 0.65859375 0.4765625 0.03828125 0.025
5 0.60859375 0.2140625 0.03125 0.0203125
5 0.4703125 0.21875 0.02109375 0.01484375
5 0.39921875 0.11171875 0.0296875 0.01953125
5 0.103125 0.20234375 0.03046875 0.01875