2 0.7118264144144983 0.7912882402845994 0.2442328307929138 0.3628425641014079
5 0.7201570648820365 0.8799868672490703 0.05647725897699054 0.04168238585581108
2 0.640445276341796 0.4765579603008102 0.22058625253408265 0.32581344499481996
5 0.6491799269075302 0.5003764499617279 0.04547612646343317 0.030235463606069858
2 0.3959493460164204 0.225374411705771 0.16434534289316236 0.3247560591390092
5 0.3906896742752516 0.26156662283064147 0.037627265027114644 0.02362159057054054
4 0.6509181262670414 0.14268717111383983 0.1705408007386847 0.28537434222767966
5 0.6513499183233232 0.20175701344396332 0.032948855386194256 0.024965766749223038
5 0.19455852107723887 0.00046657278786027057 0.02661704215447771 0.0009331455757205411
2 0.03397554508134394 0.06518835235736485 0.030451090162687888 0.1303767047147297
2 0.05657374950902068 0.32167163875129495 0.1115294151018694 0.3754067224974101