6 0.28125 0.53203125 0.07578125 0.2359375
6 0.5375 0.125 0.05546875 0.15546875
2 0.70859375 0.834375 0.2765625 0.33125
2 0.68359375 0.39375 0.1921875 0.33359375
2 0.6375 0.18203125 0.140625 0.2515625
8 0.41484375 0.08203125 0.1203125 0.1640625
2 0.15234375 0.06796875 0.1265625 0.13515625
5 0.14375 0.08359375 0.02734375 0.01796875
5 0.4140625 0.09921875 0.021875 0.0171875
5 0.64453125 0.21328125 0.03203125 0.0234375
5 0.69375 0.39453125 0.03984375 0.028125
5 0.2734375 0.5578125 0.02578125 0.02265625