6 0.728125 0.68203125 0.09140625 0.27578125
5 0.7359375 0.70703125 0.02890625 0.0203125
2 0.3328125 0.61796875 0.2359375 0.3765625
6 0.7 0.4375 0.04921875 0.175
5 0.703125 0.44765625 0.02265625 0.01796875
6 0.54765625 0.403125 0.071875 0.221875
5 0.546875 0.4109375 0.0234375 0.01953125
2 0.1953125 0.0234375 0.1078125 0.04609375
5 0.1890625 0.00546875 0.02421875 0.0109375
2 0.44453125 0.03359375 0.11640625 0.06640625
5 0.32421875 0.64609375 0.04765625 0.028125
6 0.5453125 0.2375 0.0671875 0.11953125