2 0.67890625 0.84921875 0.26328125 0.30078125
2 0.38203125 0.25078125 0.1546875 0.28203125
2 0.10859375 0.1890625 0.159375 0.2265625
2 0.0078125 0.0859375 0.015625 0.171875
2 0.3984375 0.02578125 0.11328125 0.0515625
4 0.646875 0.3859375 0.18671875 0.3890625
6 0.3625 0.79453125 0.075 0.240625
6 0.85859375 0.61875 0.0890625 0.25625
6 0.59140625 0.025 0.03203125 0.05
6 0.21015625 0.02734375 0.03125 0.0546875
6 0.13828125 0.0453125 0.05703125 0.06796875
5 0.0984375 0.24453125 0.0296875 0.01953125
5 0.378125 0.26953125 0.0328125 0.01875
5 0.64921875 0.4921875 0.040625 0.02734375
5 0.69453125 0.9484375 0.05546875 0.0359375
5 0.8734375 0.6546875 0.028125 0.028125
5 0.35859375 0.81171875 0.0296875 0.0296875