2 0.60234375 0.365625 0.1921875 0.33203125
2 0.37890625 0.12421875 0.13203125 0.2484375
2 0.05859375 0.15078125 0.1171875 0.27890625
2 0.61328125 0.1234375 0.13828125 0.24609375
6 0.39296875 0.49609375 0.06171875 0.2015625
6 0.31875 0.58046875 0.08671875 0.26640625
6 0.2859375 0.86953125 0.1046875 0.2609375
5 0.284375 0.9125 0.03203125 0.02890625
5 0.31796875 0.61484375 0.0265625 0.021875
5 0.39140625 0.49609375 0.02421875 0.0171875
5 0.61015625 0.440625 0.0375 0.028125
5 0.6171875 0.165625 0.0296875 0.01953125
5 0.37734375 0.1953125 0.03046875 0.01875
5 0.03125 0.22890625 0.03046875 0.0203125