2 0.32607415509074245 0.8203189621583278 0.3421748072769824 0.35936207568334444
5 0.3171443031476623 0.973878571545006 0.06282963978475227 0.04346320967712849
2 0.647283644956548 0.45841850723420113 0.28425960752465135 0.47941363399378395
5 0.6636277748165028 0.5781873517336831 0.04847604135632881 0.03655823821317572
2 0.38920577936461676 0.33443723593686414 0.2390112659206535 0.34478176881613753
5 0.38983717204485324 0.4049316724546288 0.041862168320799586 0.028454639784752267
2 0.5406035752690597 0.07607042596928545 0.13754284946188075 0.10774834160399786
5 0.5443107721259064 0.06371597518349717 0.029071069892376046 0.02162244292790545
2 0.05988226819696507 0.16299445967712844 0.11976453639393014 0.23536391935425688
5 0.025513614558473896 0.20866867865988178 0.03077911910658786 0.02482021753501131
2 0.34410094871887364 0.21019706120592377 0.18286396567298446 0.24394270678164434