2 0.70390625 0.78671875 0.2453125 0.4265625
5 0.71484375 0.8625 0.0546875 0.03359375
2 0.3515625 0.43671875 0.20546875 0.46796875
5 0.34375 0.578125 0.0453125 0.028125
2 0.6953125 0.35234375 0.17578125 0.28046875
5 0.71484375 0.4265625 0.01875 0.02265625
2 0.60859375 0.175 0.1421875 0.19375
5 0.6140625 0.17734375 0.0296875 0.01953125
4 0.5984375 0.053125 0.11796875 0.10625
5 0.60078125 0.0640625 0.0296875 0.01796875
2 0.39453125 0.0703125 0.1328125 0.140625
5 0.3921875 0.06171875 0.0265625 0.015625
6 0.69375 0.51484375 0.08828125 0.12421875
2 0.36484375 0.175 0.15546875 0.08515625