6 0.5609375 0.70078125 0.09140625 0.271875
5 0.5640625 0.73828125 0.02734375 0.02421875
6 0.653125 0.5203125 0.071875 0.21640625
5 0.6578125 0.5421875 0.025 0.02265625
6 0.78671875 0.3546875 0.059375 0.20390625
5 0.7921875 0.3765625 0.02109375 0.0203125
4 0.60625 0.23984375 0.16171875 0.33828125
5 0.61015625 0.32578125 0.0328125 0.021875
2 0.59296875 0.04140625 0.1046875 0.0828125
5 0.5953125 0.00703125 0.025 0.0140625
2 0.4 0.08046875 0.1171875 0.16015625
5 0.39921875 0.0640625 0.02734375 0.01953125
2 0.36953125 0.37265625 0.18515625 0.30703125
5 0.36328125 0.3796875 0.03828125 0.02421875
2 0.07890625 0.21875 0.1578125 0.30078125
5 0.0546875 0.29140625 0.03359375 0.01953125
2 0.74453125 0.9203125 0.30859375 0.159375