6 0.4164507906672041 0.7387433988854895 0.14307047603820083 0.29993584160399783
6 0.7437746932996092 0.7687368440897064 0.1705605589778255 0.3277355099247975
6 0.34274053838976937 0.2585893260976292 0.10380459019601869 0.20294952564056318
7 0.4868328226880056 0.09598022208537986 0.14001490870767305 0.19196044417075972
7 0.48438243448357066 0.034488354219391684 0.11248513103285873 0.06897670843878337
4 0.5888516465571374 0.26896593817490366 0.2507589796663979 0.39074924028009034
5 0.41902022996009813 0.7768427123677248 0.0370833377489479 0.034486315963434676
5 0.7693724048250219 0.8174632884653539 0.03713790145127884 0.03604881596343468
5 0.6068079836731132 0.3578272309789746 0.045004965153609786 0.037975188998963995
5 0.34193200653860395 0.2594069634011821 0.02420139183263199 0.02296661910658786
5 0.46440226198089957 0.12500623056468987 0.020967264427970277 0.019696069892376135