4 0.6720535292807297 0.3796274825748224 0.22329533338636126 0.39317038669636234
7 0.041251161322409594 0.31121876332750026 0.08250232264481919 0.3025261106779086
2 0.11470684265595503 0.07869716466422738 0.16121131468808994 0.15739432932845476
2 0.2791713072088239 0.9138148626273199 0.3518908586887262 0.16657261871417967
2 0.396310283975183 0.17817625994591157 0.17839990937299816 0.2942238093570898
7 0.5509443346594549 0.04925746863066075 0.043387468013999356 0.0985149372613215
7 0.649609101328773 0.026030315245094963 0.028706802673454136 0.050327264003818005
5 0.5524613813255913 0.05059505792491255 0.01893181333545435 0.015843176002545346
5 0.4160227999681833 0.22950240260982077 0.031504538669636165 0.022238626670908878
5 0.6677285612667303 0.4827888452419133 0.03940794533736351 0.030142033338636055
5 0.10070797732336409 0.07225571331954608 0.028379538669636207 0.022202264003817994