2 0.6147332123492157 0.7577948948455042 0.3311569832645141 0.431838656715691
5 0.6087521279984764 0.8570545884230689 0.06158595318850324 0.04529921189493038
2 0.3415811538906158 0.3950237364323327 0.30243884102100155 0.5082440264579662
5 0.3046466406616327 0.534860842379798 0.050239017412854456 0.03691350180902227
2 0.695480759838081 0.34687068295057366 0.23315549525030158 0.3160698145630355
5 0.6992807892367232 0.42302374717492486 0.0231851944820761 0.026146420171816585
2 0.6475356620312162 0.16161925769037447 0.18153104025277605 0.22298819990914298
5 0.6528406377209567 0.16445765264742035 0.034040807326946164 0.025157130257724793
4 0.6632978601313367 0.0522259444263052 0.1392815852552504 0.1044518888526104
5 0.6635059000454285 0.05014949118203107 0.033958920171816585 0.02359463025772479
2 0.458856021596726 0.059418186341475644 0.16041295680654793 0.11883637268295129
5 0.459098361035848 0.025802345659158326 0.029189533016686652 0.021786468792335534
6 0.6604838828597166 0.5092002645877794 0.11337418249628843 0.14150582654882307
2 0.40891689733189507 0.13594862958035625 0.17283771370395282 0.11657442559888347