2 0.0265625 0.1046875 0.05234375 0.209375
2 0.53046875 0.37109375 0.18984375 0.32890625
2 0.51328125 0.88046875 0.3171875 0.2390625
2 0.3578125 0.090625 0.18359375 0.18125
7 0.8421875 0.275 0.15234375 0.27265625
6 0.70859375 0.509375 0.07734375 0.23671875
6 0.615625 0.09140625 0.04453125 0.15078125
6 0.525 0.05390625 0.034375 0.1078125
6 0.59296875 0.03125 0.028125 0.0625
5 0.7171875 0.53984375 0.021875 0.01875
5 0.525 0.36640625 0.03984375 0.0265625
5 0.796875 0.325 0.02109375 0.01953125
5 0.6203125 0.109375 0.0171875 0.015625
5 0.52578125 0.05078125 0.015625 0.015625
5 0.59375 0.01328125 0.0140625 0.01171875
5 0.396875 0.121875 0.02421875 0.01328125