2 0.659375 0.52578125 0.21796875 0.3625
2 0.70390625 0.95390625 0.3046875 0.0921875
2 0.4078125 0.165625 0.14453125 0.20859375
7 0.56015625 0.034375 0.08828125 0.06875
6 0.3203125 0.7078125 0.08984375 0.25703125
6 0.61796875 0.21953125 0.05625 0.17578125
6 0.6640625 0.16484375 0.04921875 0.16015625
5 0.621875 0.2390625 0.01953125 0.01328125
5 0.665625 0.1765625 0.015625 0.0109375
5 0.671875 0.6390625 0.04296875 0.02421875
5 0.31796875 0.75078125 0.02734375 0.0234375
5 0.40390625 0.1671875 0.03046875 0.0203125
5 0.53125 0.0078125 0.0171875 0.01171875