8 0.05546875 0.32421875 0.1109375 0.6484375
2 0.3203125 0.83125 0.296875 0.3375
2 0.76953125 0.9109375 0.3375 0.178125
2 0.35859375 0.471875 0.2125 0.3640625
2 0.61953125 0.1890625 0.146875 0.21484375
2 0.39375 0.17890625 0.15 0.246875
6 0.69140625 0.30625 0.0671875 0.20234375
7 0.40703125 0.034375 0.0921875 0.06875
5 0.35234375 0.46953125 0.0421875 0.02578125
5 0.69453125 0.33203125 0.021875 0.02265625
5 0.62421875 0.1921875 0.02890625 0.0203125
5 0.3921875 0.1765625 0.0328125 0.01875
5 0.3734375 0.0109375 0.01328125 0.01015625