2 0.36875 0.8004042162499181 0.2640625 0.38109626569391464
5 0.3578125 0.8546924121662339 0.0546875 0.03628472958157971
6 0.62578125 0.17580348721649225 0.06875 0.1680258029025577
5 0.62890625 0.18975685981183052 0.0203125 0.017896828130301135
6 0.5203125 0.0713752144782285 0.04375 0.142750428956457
5 0.52265625 0.08331094157032873 0.0171875 0.016225200725639422
6 0.45 0.05658727278067275 0.04375 0.1131745455613455
5 0.44765625 0.059367499282209815 0.0171875 0.01466270072563942
2 0.1078125 0.14389135453917096 0.15 0.23023811542376213
5 0.09296875 0.20612845971131408 0.03125 0.02140377404661713
6 0.03359375 0.09023313039988659 0.04375 0.14215278366526396
6 0.08515625 0.023772316697555744 0.0296875 0.04754463339511149
8 0.79453125 0.7581918573647599 0.4046875 0.4422569989036916