6 0.63828125 0.81015625 0.08671875 0.32890625
5 0.6390625 0.85625 0.03046875 0.021875
2 0.49765625 0.37734375 0.19453125 0.340625
5 0.5015625 0.446875 0.0375 0.028125
2 0.62421875 0.18125 0.16484375 0.2609375
5 0.63515625 0.17890625 0.03203125 0.02265625
2 0.403125 0.09453125 0.1453125 0.1890625
5 0.40078125 0.134375 0.028125 0.01796875
2 0.1359375 0.0765625 0.1328125 0.153125
5 0.12890625 0.10703125 0.0265625 0.01796875
2 0.05625 0.359375 0.1125 0.28125
5 0.01171875 0.44375 0.02265625 0.02109375
2 0.009375 0.06640625 0.01875 0.1328125