2 0.08203125 0.18046875 0.15390625 0.221875
2 0.15859375 0.078125 0.1328125 0.15625
6 0.66640625 0.5890625 0.071875 0.2640625
6 0.5890625 0.23125 0.0578125 0.18359375
6 0.659375 0.103125 0.05546875 0.153125
6 0.55078125 0.10859375 0.05078125 0.16015625
5 0.66328125 0.61640625 0.02578125 0.01953125
5 0.58984375 0.2546875 0.02109375 0.01484375
5 0.6609375 0.11875 0.01640625 0.0140625
5 0.55 0.1265625 0.01953125 0.0140625
5 0.0734375 0.23828125 0.03203125 0.0203125
5 0.153125 0.115625 0.02265625 0.01953125