2 0.41596276318040293 0.7452109434075828 0.27257599941082483 0.39063513212077405
5 0.4032718656397309 0.7780961662802197 0.05488748789975162 0.03469316256778665
4 0.5944620305452086 0.2770007780111258 0.2115930476154267 0.38246810811666887
5 0.6056126331027325 0.3745888503180287 0.039226126463433174 0.028352258976990452
6 0.32719778337387895 0.15746602459328027 0.07287493949875792 0.17229315651766247
5 0.32629835870584395 0.17778306977282007 0.02200226502711473 0.022002265027114644
2 0.12839718989154142 0.08675004537593153 0.1397897287263694 0.12580904195808598
5 0.12123867486442677 0.10866595199178981 0.02823408430895542 0.01891362646343313
6 0.43729546692070864 0.032773084652640935 0.04256929508134384 0.06554616930528187
5 0.43664148194782315 0.010740494637246845 0.015715903590796287 0.01571590359079618
6 0.5670284187161067 0.025752937161066896 0.04094316256778665 0.05150587432213379
5 0.5640443192818407 0.001506916083828045 0.015661361436318445 0.00301383216765609