2 0.6758928003706689 0.39373418768207896 0.22483139672677338 0.36178371148243726
2 0.3376883844066018 0.7851019228905123 0.2983433077966991 0.4115873933073793
5 0.32593986335520964 0.8534526748676786 0.057395837748947895 0.035104511862998324
5 0.6820584656169458 0.46291526920300985 0.04155258293962447 0.028217841901054187
6 0.919193877867998 0.48601855228336505 0.08965281015895173 0.24393568380210837
5 0.9340549860353657 0.5072568823214212 0.0272718281303014 0.021394838935304604
2 0.1631969152462769 0.06507057237653649 0.12796628729346105 0.13014114475307298
5 0.1578000871159758 0.08328604939197767 0.027108137023308564 0.01670733893530465
8 0.35057039655713745 0.29196401827019824 0.29880464318339434 0.5839280365403965
2 0.5840922578045482 0.019772694639342232 0.12244048439090349 0.039545389278684465
2 0.6958530592715256 0.8274579302677051 0.3098760301218849 0.29503656326932337