6 0.4068104397562302 0.565625 0.10647821161023056 0.275
5 0.4009126146211539 0.62265625 0.029107146641955416 0.028125
6 0.46135406289972264 0.77109375 0.12146829454985522 0.3015625
5 0.45422111997863157 0.81875 0.035520837748947896 0.0328125
2 0.6528347570867581 0.478125 0.28322922848527166 0.459375
5 0.6580009175237116 0.55390625 0.048075401451278844 0.034375
6 0.6404389723251859 0.1171875 0.07258930653075488 0.1546875
5 0.6411011712367267 0.14296875 0.020967264427970277 0.01875
2 0.5931026700556004 0.06328125 0.1120684687818068 0.121875
5 0.6031696400185333 0.02109375 0.027271828130301046 0.0203125
6 0.5393748807784048 0.8859375 0.12046630054030487 0.228125
8 0.3770163346689051 0.25546875 0.3084673306621898 0.5109375