2 0.409375 0.2984375 0.15546875 0.228125
5 0.40625 0.315625 0.03515625 0.0234375
2 0.41171875 0.06796875 0.11328125 0.13515625
5 0.41171875 0.084375 0.02734375 0.0171875
2 0.66953125 0.11171875 0.15390625 0.153125
2 0.6171875 0.0578125 0.12734375 0.11484375
5 0.60859375 0.0671875 0.01953125 0.01953125
2 0.02890625 0.0828125 0.05703125 0.165625
2 0.678125 0.27265625 0.1796875 0.30390625
2 0.6453125 0.396875 0.21015625 0.23359375
2 0.6640625 0.66875 0.25390625 0.4375
2 0.609375 0.8703125 0.30234375 0.25859375