2 0.6752957975053528 0.5433656642347866 0.24202499326957536 0.37838792794496673
2 0.7470824986133449 0.957532280121885 0.310813131037097 0.08493543975623012
2 0.4010038735152495 0.18258189854087195 0.1577910826073073 0.21935517912609298
7 0.5447502103456989 0.05336316841113783 0.09262542069139794 0.07191469473518963
6 0.34812084672656524 0.7254935956383143 0.10598454169936514 0.26281251324684407
6 0.6140865467139299 0.2368502802067029 0.06768290815498582 0.18030754809323427
6 0.6569810888755134 0.1821553457231323 0.05941576708875882 0.16440972958157993
5 0.6193423480467135 0.2565452213136955 0.020721676959604095 0.014771828130301135
5 0.6588845696751836 0.19392865942546317 0.01594324874635884 0.011483137023308564
5 0.6949754631821858 0.6564385831092606 0.044477425705962935 0.026527783665263982
5 0.348589859658689 0.7684350637871489 0.028852425705962935 0.025982146641955417
5 0.3971658196751836 0.18478923928504482 0.031886497492717505 0.02296627404661713
5 0.5142670884798021 0.02498270806685157 0.01755121285298138 0.013100200725639416