2 0.33006492926482134 0.4949127170761235 0.24199078938572488 0.3928480442066476
5 0.32224333859804866 0.4959212876092369 0.04725680800445442 0.03417642319868044
2 0.6881859645926398 0.5251037046062182 0.25966918539145195 0.43553564937949696
2 0.03080400998568248 0.336567985814235 0.06160801997136496 0.25498902837153
4 0.6031142673058649 0.18472640868371107 0.16459194804263433 0.31874530298213616
2 0.5743727439926822 0.046450136513880295 0.1262545120146356 0.09290027302776059
5 0.7029382605824583 0.5996490635399915 0.04725680800445424 0.03417642319868044
5 0.6580466679662743 0.2292061828986059 0.034647720003181705 0.02443771034569897
5 0.5741187526655 0.00043294286122873835 0.02676249466899989 0.0008658857224574767
2 0.16278126332750026 0.03821775085792982 0.10690452800763603 0.059341559250342325
5 0.1590840986632729 0.020362661124486526 0.02674431333545444 0.016397889812585574