8 0.4470856445548016 0.20662952295030879 0.31917128910960313 0.39317960344286257
2 0.6932605074689848 0.47095495089527545 0.2959157996329466 0.3954861479078998
2 0.3304313676817449 0.7862896914234787 0.33063941012805553 0.4274206171530427
2 0.26993306840173403 0.029697456800907202 0.12111613680346807 0.04477184137714504
2 0.669734918302912 0.14735375978828288 0.1897582629424182 0.2327281983633867
2 0.7275940649944392 0.8451042019915838 0.32692360495108835 0.3097915960168326
6 0.9832521157567807 0.15301600506377744 0.033495768486438496 0.10130952885594055
5 0.3176807387001975 0.8227207705032381 0.05999662628012441 0.0395188569862416
5 0.7442803070313444 0.9319569382814038 0.060178636803468064 0.04264385698624196
5 0.702991823239883 0.49078630125809514 0.04557010523343692 0.03277778366526398
5 0.4292302866199414 0.24810769482000766 0.03739358418674961 0.0262549651536097
5 0.6767283709478653 0.13356407829993716 0.03408657366340595 0.023020837748947986
5 0.9929834315276789 0.15094507357543174 0.014033136944642166 0.017842264427970277