2 0.6923242434998473 0.8403254590557013 0.31674973718559973 0.3193490818885973
2 0.33745494315646746 0.2857599873846062 0.20447523026551764 0.31051377667402047
2 0.07873515365032153 0.25065927956950457 0.15747030730064307 0.2544435591390092
2 0.33177924060845987 0.06006862861710055 0.12148768083635879 0.07271837014004516
4 0.6147575893924152 0.3957344166636605 0.2558069199991248 0.4220720148871962
6 0.37164432897511085 0.829786123240417 0.11793555239490824 0.2534589478903043
6 0.8487320468833387 0.6085769807650685 0.13426088935304675 0.27137419396136264
6 0.5233274120532785 0.04629088068401516 0.04084517589344294 0.045569365177646426
6 0.1439144846769608 0.0794970630679506 0.04141817885919248 0.059631865177646445
6 0.07483156224355894 0.10367511765884578 0.0686810158173308 0.078056533498446
5 0.05405485273828805 0.30621792080199894 0.033767504942915874 0.02496576674922295
5 0.33509660570403754 0.3052184627775003 0.03533000494291585 0.025038541356328815
5 0.6276475671492937 0.502003687341825 0.04508700692008212 0.03485018899896399
5 0.7173149732338923 0.9523376352321291 0.06115767589344294 0.04651543507002245
5 0.8668944564651593 0.6430804133538917 0.032523339923887916 0.032705492142117265
5 0.3693814920169725 0.8469008486333113 0.03414950692008221 0.03434076674922295