8 0.2299555305717163 0.6453125 0.3450842787060931 0.53125
5 0.18941941939329024 0.77734375 0.05765067391627658 0.034375
2 0.6032299100017501 0.821875 0.34420357513232125 0.35625
5 0.6078272266939333 0.90078125 0.059531508897248564 0.0421875
2 0.5937500696207516 0.46015625 0.2764085800752373 0.3796875
5 0.6021209851340714 0.465625 0.04346083992388792 0.03125
6 0.6853313690499104 0.22578125 0.0911237015966055 0.165625
5 0.6806465276431478 0.2640625 0.024201503954332536 0.01875
2 0.6480289817112113 0.08671875 0.15786553262324468 0.1546875
5 0.661816909087529 0.0359375 0.030515170950527092 0.0203125
2 0.07504512646428424 0.190625 0.1259390533834914 0.253125