6 0.30784842427045556 0.6084053799402775 0.12162988922254243 0.26653549620027783
5 0.30332054799033115 0.6459599313270483 0.03132559471009326 0.028815984232430657
6 0.37788572141374066 0.3703773966577774 0.10080217875566859 0.2036354526972918
5 0.3773018924886629 0.3937967128621872 0.026365078925077688 0.024019381458888843
4 0.5925760949218548 0.18047517600871477 0.2309586575678068 0.3486596248093752
5 0.6025965660532469 0.2629421838924995 0.03913809471009326 0.028997822188333446
2 0.3671126343138065 0.10321297953123251 0.17000720506402783 0.20642595906246503
5 0.3641696448371502 0.09684963089020802 0.030870568401734032 0.02100348423243059
2 0.15091848691640758 0.07450642467753459 0.12144933674699834 0.10269120174736121
5 0.1473839632388842 0.0816104098598957 0.029217063140062206 0.019404616641250018
2 0.06379021323888423 0.3319935759880555 0.12758042647776846 0.329762848023889
5 0.005493323875167395 0.41366245649701383 0.01098664775033479 0.025800087005972295
2 0.010294944964207093 0.6330300523367013 0.020589889928414186 0.31206489532659737