2 0.3796875 0.81796875 0.25078125 0.3640625
5 0.37109375 0.871875 0.05390625 0.03203125
6 0.61484375 0.19375 0.0625 0.16328125
5 0.61875 0.20703125 0.01953125 0.0171875
6 0.50625 0.0859375 0.0390625 0.14609375
5 0.50859375 0.10078125 0.0171875 0.01484375
6 0.43515625 0.06484375 0.0390625 0.1296875
5 0.4328125 0.07734375 0.0171875 0.0140625
2 0.09609375 0.16171875 0.14296875 0.2203125
5 0.0828125 0.2234375 0.03046875 0.01953125
6 0.01953125 0.1078125 0.03828125 0.13984375
6 0.06875 0.03203125 0.028125 0.0640625
8 0.8046875 0.784375 0.390625 0.43125