2 0.1515625 0.059375 0.28515625 0.11875
2 0.359375 0.4015625 0.19296875 0.33671875
2 0.66953125 0.54453125 0.20703125 0.3703125
2 0.6515625 0.259375 0.17109375 0.15234375
2 0.4 0.2359375 0.17265625 0.27890625
2 0.4359375 0.11953125 0.15546875 0.2390625
2 0.61484375 0.08203125 0.1421875 0.1640625
6 0.56796875 0.37734375 0.065625 0.2140625
5 0.67109375 0.6109375 0.0453125 0.0265625
5 0.3578125 0.4875 0.03984375 0.025
5 0.565625 0.41953125 0.021875 0.015625
5 0.65859375 0.321875 0.034375 0.01953125
5 0.628125 0.05625 0.028125 0.01875