2 0.13113821460846403 0.12841685352349685 0.19221623473485203 0.24429087226160834
2 0.21499423620519006 0.06052231136191337 0.15811347241038015 0.12104462272382674
6 0.6865825469230383 0.5895442893250966 0.11729147783744712 0.2733131310370968
6 0.6338681462002412 0.22567801761748427 0.08959584577069997 0.19138116943775677
6 0.7128419159879451 0.10523147380654814 0.08178998982323478 0.161511813011266
6 0.6046199802122963 0.10055599716351313 0.0789925384437538 0.16767088479802067
5 0.6809433785602442 0.6163113778048986 0.029271420171816588 0.02269335391920819
5 0.6327527035271876 0.24918371377741827 0.02433825870642714 0.01786946159934022
5 0.7136607875392424 0.12085647380654811 0.01956887155129756 0.016170569279472156
5 0.6023957389187236 0.11783442537675848 0.02269387155129756 0.016261497492717502
5 0.11846115219313509 0.18512149458972366 0.035603307326946255 0.02443771034569897
5 0.2063562206013579 0.07067489819236279 0.026146420171816565 0.02260242570596289