6 0.5181029379045656 0.17173832686782659 0.0717228157455871 0.17231292069139795
2 0.01711140787279353 0.08470160893377318 0.03258640340856666 0.07747178213245362
2 0.09457393465815475 0.1340363677092618 0.15826033360249453 0.20918844655564545
2 0.3620420783274888 0.05538970473756695 0.12227619480442442 0.1107794094751339
2 0.359194731325723 0.7852649324363874 0.3196456672049891 0.41846782132453625
2 0.5502960547885385 0.054649081420173086 0.128717109577077 0.10929816284034617
5 0.5506409281653329 0.020715384468816246 0.028479556006354302 0.02113085391920826
5 0.3612062812495881 0.049676773423472 0.026917056006354478 0.021085389812585585
5 0.08965065543716155 0.16544549208244122 0.03006932954530477 0.022738818025830908
5 0.01446764894433979 0.06758230509370722 0.026971603084255103 0.024210389812585564
5 0.3541584038090132 0.8549780388628783 0.0569045649348082 0.039136707838416385