8 0.0981962398232347 0.1630358522811775 0.19409963930283633 0.28232170456235506
8 0.5911273682719372 0.16752962307860522 0.16416647783744692 0.2764245316346616
6 0.46027351594251653 0.22924176140588756 0.0789925384437538 0.16849001482874765
2 0.38167380314307475 0.14262382908665394 0.17864505766563052 0.2551862015966055
2 0.6666031603337356 0.4325444694282837 0.21695728516439344 0.3019630425090766
5 0.7577116757104252 0.8324337690488166 0.29663149705932385 0.3351324619023668
5 0.7798566706220424 0.9275160712151695 0.04686835594746537 0.031533842889637495
5 0.6806523722286661 0.4923651384016444 0.042098968792335614 0.029780341901054184
5 0.5991312980546921 0.23100187406718842 0.033958920171816585 0.023212006920082295
5 0.46240922602842477 0.24024292840208195 0.02269387155129756 0.01651633794672147
5 0.378920617367426 0.13471582859236236 0.032396420171816584 0.023148339923887828
5 0.0956721053816384 0.23387493429639994 0.03231453301668678 0.02158583992388783