2 0.76875 0.8774962090427934 0.2765625 0.24500758191441313
2 0.51875 0.32712995273708767 0.16875 0.306651084022908
2 0.33828125 0.08596750871258879 0.175 0.1629738093570898
2 0.553125 0.08299869207508745 0.13125 0.15465223201781736
2 0.0578125 0.11082895934118146 0.115625 0.20915791868236294
7 0.61875 0.17829355808399613 0.1296875 0.2327590506842719
6 0.5203125 0.7115231340706332 0.0890625 0.2838488360120904
5 0.7890625 0.9938757343849295 0.0578125 0.01224853123014107
5 0.52421875 0.7514123374044968 0.028125 0.026889764003817974
5 0.51015625 0.3567174554025877 0.0375 0.02699885200509069
5 0.5609375 0.052620848742814676 0.0265625 0.017496582670272563
5 0.37890625 0.08097147338477036 0.028125 0.01907726400381802
5 0.03359375 0.16679714867122705 0.0265625 0.022184082670272564