2 0.3736349721116767 0.8120631131569154 0.3416271627148159 0.36450774703049904
2 0.7527133974379042 0.7486715852476038 0.319007822724361 0.4341382854311588
2 0.07271298337045283 0.2714143472552907 0.14262604137490717 0.3102963054894186
2 0.357970325389861 0.4061313619032741 0.24529760272117934 0.4085639724198929
2 0.5606931466820447 0.10639343784666382 0.1745112933640895 0.21278687569332763
2 0.3474937126829992 0.1122989342835958 0.1838499306969986 0.2245978685671916
2 0.35340845269731674 0.21557455806320808 0.1792351560311804 0.2348249440483629
5 0.046469204049952244 0.3667412191211876 0.03782726400381801 0.029216138558944317
5 0.37400495273708767 0.5080432028903585 0.04414998933799978 0.03564799498543501
5 0.37331789345953964 0.919139827263538 0.0630090773392725 0.045568564264907255
5 0.7655406614417223 0.7764328723946223 0.056722714672181596 0.04226170783841639
5 0.5700408746817265 0.09438856518934408 0.03466590133672724 0.026000210345698993