6 0.5885771609903332 0.8353485006753811 0.11668607018940538 0.32930299864923773
5 0.5851364846025987 0.8849430398253497 0.03220500494291585 0.02452877404661713
2 0.4885306704190544 0.394940544001701 0.22676140714754373 0.3574206635169965
5 0.48647873908840394 0.46449907585286637 0.04027217292769336 0.031051592558271324
2 0.6329531269585759 0.2106523679556509 0.18907572334543535 0.27497026206571756
5 0.6439542939547702 0.2094718138719669 0.03383117193911023 0.02614583774894792
2 0.4203987302283365 0.10856404518282736 0.16232753954332696 0.1929018065307547
5 0.41502813931586546 0.14436513592700023 0.030451503954332715 0.019786710344286272
2 0.1550111521674468 0.07426093393541644 0.14622769566510643 0.14241073320977704
5 0.14640281471501687 0.09351936542376216 0.028889003954332713 0.01973214664195542
2 0.05974043798499633 0.33895586179556514 0.11948087596999266 0.2919196598887993
5 0.005379248745680508 0.41851438702330857 0.010758497491361017 0.022693455534962936
2 0.030615988631293493 0.05505208774894797 0.02939302273741301 0.10868551923729368