2 0.3526008467712844 0.609375 0.3173289727022978 0.50625
2 0.36854244644256207 0.16328125 0.18399412613590121 0.29375
2 0.3828360787837163 0.084375 0.14492300992479742 0.159375
6 0.5531871201400451 0.11875 0.07846325599585598 0.175
7 0.6801564584342742 0.51328125 0.23668678659881798 0.3515625
5 0.36654568444634084 0.7578125 0.05487159057054054 0.0375
5 0.6361924427185084 0.57578125 0.03085189371369381 0.025
5 0.5590390138537389 0.14375 0.021258569892376223 0.0203125
5 0.37850395140496085 0.24296875 0.035539393713693634 0.025
6 0.5645548056243526 0.02734375 0.050984611248705035 0.0546875
5 0.5626091619106588 0.00234375 0.01584332382131759 0.0046875