8 0.3859375 0.190625 0.23984375 0.38046875
2 0.65703125 0.421875 0.2203125 0.35625
2 0.33125 0.8078125 0.2484375 0.384375
2 0.19296875 0.0375 0.10859375 0.075
2 0.6015625 0.103125 0.146875 0.20625
2 0.73359375 0.82890625 0.2578125 0.3421875
6 0.92265625 0.04765625 0.0359375 0.0953125
5 0.321875 0.8453125 0.053125 0.0296875
5 0.753125 0.87265625 0.053125 0.03203125
5 0.66875 0.43984375 0.040625 0.02578125
5 0.375 0.25 0.0328125 0.0203125
5 0.18515625 0.0359375 0.02578125 0.01640625
5 0.60703125 0.08828125 0.03046875 0.0171875
5 0.92265625 0.04453125 0.01640625 0.0140625