2 0.3125 0.81953125 0.284375 0.36015625
2 0.6984375 0.80546875 0.25625 0.3890625
2 0.0796875 0.20390625 0.159375 0.28515625
2 0.36796875 0.39453125 0.184375 0.37734375
2 0.62109375 0.11953125 0.1390625 0.225
2 0.40703125 0.10078125 0.15234375 0.2015625
2 0.3953125 0.20546875 0.1453125 0.209375
5 0.06875 0.29765625 0.034375 0.02265625
5 0.36640625 0.49765625 0.040625 0.028125
5 0.296875 0.903125 0.0578125 0.034375
5 0.70625 0.83515625 0.05234375 0.03359375
5 0.62890625 0.1265625 0.03203125 0.01953125