6 0.66640625 0.42734375 0.0734375 0.23125
6 0.58046875 0.25234375 0.0515625 0.16171875
8 0.27578125 0.6890625 0.22578125 0.5171875
2 0.37734375 0.31171875 0.18671875 0.32734375
2 0.696875 0.7453125 0.2390625 0.3734375
2 0.603125 0.13359375 0.13984375 0.20859375
5 0.26953125 0.87109375 0.04296875 0.03671875
5 0.7140625 0.76484375 0.0515625 0.03203125
5 0.3703125 0.4046875 0.0390625 0.0234375
5 0.66875 0.46953125 0.02421875 0.021875
5 0.57890625 0.259375 0.01953125 0.01640625
5 0.61015625 0.1421875 0.0328125 0.02265625