6 0.2899208540738148 0.5503507177992711 0.09028174403245304 0.24109908510611114
6 0.5194050753500902 0.13549335647635458 0.06589881468808993 0.15930357123840283
2 0.7353537221116767 0.8317370962661983 0.2977680747135434 0.3365258074676036
2 0.6825976080521794 0.4001585345723617 0.21337489337999785 0.3486232572181947
2 0.6223488093570898 0.18943793369868106 0.1561249200349984 0.26137652393569455
8 0.3939778140117722 0.09586519918191004 0.13010676535645346 0.17329464247680565
2 0.1314778140117722 0.0897554438635765 0.13446700135263545 0.1452787452503473
5 0.12385621801399935 0.10597985590767371 0.028343176002545344 0.01940461664125004
5 0.39417780868077207 0.11305269918191005 0.023655676002545346 0.019295513867708357
5 0.6320874360279987 0.22090613924576444 0.03310340133672707 0.02576371941479163
5 0.6927538580521795 0.40039492391503534 0.04097044533736351 0.030633057370694418
5 0.28318959607731464 0.5759683136389586 0.026835220003181705 0.02405574905006951