6 0.7608805464487717 0.6308805127787571 0.11601690271722323 0.2852558265488231
5 0.7703473156860654 0.6554301334255435 0.030451391832631992 0.02343085594746519
2 0.3609425446346732 0.6087929873368438 0.26827386188038316 0.40241010628614954
6 0.7110169225874892 0.39086302238969556 0.0639781983633867 0.1795923247398008
5 0.7152505548014741 0.4000333045018712 0.02409226442797028 0.01997830732694621
6 0.5561830896478644 0.3723664071699761 0.09066967313564334 0.2293400192218769
5 0.5564559081595188 0.3801789071699761 0.025709328130301044 0.02162269448207601
2 0.1724851244094368 0.030877106513292167 0.11117560217691821 0.05729460085908263
5 0.16407242368379743 0.01409904228894093 0.025436509618646852 0.013810194482076026
2 0.4216220288559406 0.0272812553712961 0.1228224303072194 0.0545625107425922
5 0.354920723127794 0.6380677295349277 0.04952877404661713 0.033788501809022264
6 0.5394618372007939 0.20731461725588435 0.07774803248413775 0.12728619629109836