7 0.5675349807781231 0.06938300655872069 0.1274300384437538 0.13876601311744138
6 0.5592986776350484 0.1802674383776406 0.07085248982323478 0.16265048620519007
6 0.43648637663968015 0.052349314790178125 0.05186347241038014 0.10469862958035625
7 0.03223928991409174 0.0670303697422752 0.06447857982818347 0.09718926051544959
2 0.3231476571699761 0.5237628900958058 0.2626526447299032 0.4329231218899817
2 0.6484265388980389 0.6500709260531687 0.3183095024863908 0.5137503980092635
2 0.004813652758961985 0.10908839495704588 0.00962730551792397 0.16932321008590825
5 0.3120696370435881 0.63108074513876 0.04686835594746537 0.03206222749876275
5 0.6616867774780782 0.7389729737691766 0.05336401741285464 0.03707727611928178
5 0.5363292463819553 0.06850110074754098 0.017924484396167804 0.014963258706427274
5 0.558766411126705 0.19042368837764057 0.021131371551297563 0.016689533016686787
5 0.4359131665537719 0.05194876583097485 0.016443871551297562 0.016443871551297517