6 0.3328125 0.59921875 0.0796875 0.25703125
5 0.32578125 0.63671875 0.02734375 0.025
6 0.41328125 0.36953125 0.06953125 0.1953125
5 0.41171875 0.39296875 0.02265625 0.02109375
4 0.63515625 0.20703125 0.17734375 0.3265625
5 0.64140625 0.290625 0.03515625 0.025
2 0.41484375 0.09765625 0.13828125 0.1953125
5 0.4125 0.09375 0.028125 0.01796875
2 0.2015625 0.04453125 0.10703125 0.0890625
5 0.19765625 0.05078125 0.02578125 0.01640625
2 0.0703125 0.2875 0.140625 0.3140625
5 0.0265625 0.3640625 0.03671875 0.02109375
2 0.0109375 0.58359375 0.02109375 0.31015625