6 0.66598479527373 0.4390625 0.09180788136536222 0.2359375
6 0.5946472392982288 0.25859375 0.0644272213558171 0.165625
8 0.255454185908686 0.67265625 0.2671191534054512 0.53125
2 0.387088730625411 0.30390625 0.21332034937936156 0.3390625
2 0.6700792125636866 0.75859375 0.2685896520528157 0.3890625
2 0.6264795893141372 0.14140625 0.1572147053628168 0.2171875
5 0.23459515121741442 0.85390625 0.045767033338636146 0.0390625
5 0.6862491052275959 0.77890625 0.05354317067154533 0.0359375
5 0.3727347819462297 0.39609375 0.04093408267027261 0.0265625
5 0.664712649268003 0.48125 0.025272720003181703 0.0234375
5 0.5922216732972744 0.265625 0.020512494668999893 0.0171875
5 0.6334017513128646 0.15078125 0.03466590133672707 0.025