8 0.078125 0.30703125 0.15625 0.6140625
2 0.28745142291951914 0.8106625906270019 0.3271089633064713 0.3662817173774524
2 0.7267088447588839 0.9063257952339591 0.35255334913967823 0.1744033000477252
2 0.35904618443059244 0.4551660212842295 0.24596804761542668 0.3840862880330894
2 0.6449256388582691 0.19326326857895856 0.16694310206654456 0.22848972135581716
2 0.42087960568078187 0.16618478994272992 0.1718214996072165 0.26135676535645347
6 0.7059307956705192 0.3152013559039135 0.08558401775758924 0.2087942920114539
7 0.44746535245932806 0.030494379972955787 0.09881929508134388 0.060988759945911575
5 0.3528098199692118 0.4528949966184113 0.0439227168225127 0.0301965773392725
5 0.7065575095661656 0.34175476523714077 0.023582945745273955 0.025272720003181703
5 0.6495949581401099 0.19633372457832224 0.031386355386194255 0.02380112667090888
5 0.4201119912194013 0.16385013060950263 0.03450226502711473 0.022274989337999783
5 0.4163880692818408 0.0007432453055467327 0.014098861436318444 0.0014864906110934654