6 0.5503843357652134 0.6468093440367356 0.12108634863353913 0.29320709897381947
2 0.6312673250502583 0.2530580376159717 0.20099210344286256 0.30131184612402795
2 0.3763317991895426 0.3331501535916316 0.22090778855940538 0.37983688962701406
2 0.6151686430137584 0.049785660667656016 0.12725695916315977 0.09957132133531203
2 0.032787690790506474 0.2811947954028472 0.06557538158101295 0.33906380642076395
2 0.14197419047402038 0.1172232143807986 0.17230161905195923 0.2344464287615972
5 0.13039928421341812 0.15542976956729154 0.032013891832631994 0.022602351823611144
5 0.35923109002638265 0.44283427811666637 0.04155258293962447 0.027508057370694415
5 0.6213566448278568 0.004636161617586551 0.02716270072563951 0.009272323235173102
5 0.6373809157944311 0.25681881725124944 0.038536710344286365 0.030560322188333357
5 0.5441690520999494 0.6906684468102773 0.03228671034428636 0.030414851823611144
7 0.9221378285936372 0.48515614390489503 0.13182544119181044 0.33248780452090293
5 0.9038764127143881 0.5386630036122909 0.027435519237293704 0.025618249050069507