2 0.6003320341483406 0.39568793369868105 0.25460777136958335 0.36174150626826407
2 0.42490374547744425 0.1311312051658337 0.1783175090451115 0.24604246466513904
2 0.10545438263257398 0.12213153276940983 0.16721623473485203 0.24266289152687515
2 0.6573510753056278 0.15844316004732695 0.18563204206179834 0.26650043502986126
6 0.3693100062200364 0.4904328167730906 0.09995349163225704 0.2098854526972918
6 0.28030505992893806 0.5618882830537503 0.13793152645796614 0.2794355397032639
6 0.19290912200558274 0.8414471900638544 0.1549552521477066 0.27671058320625014
5 0.18288566881707946 0.8834528521079517 0.03765713025772479 0.03364895459715278
5 0.2730757360936484 0.5953547464846183 0.0309976944820761 0.02569098423243048
5 0.36774750622003644 0.49039644918191005 0.02762703301668674 0.02093074905006951
5 0.5932764507021124 0.47061519851631994 0.042344630257724704 0.033758057370694414
5 0.6527963721171244 0.2005761086605561 0.034040807326946164 0.024201219414791718
5 0.41159484000494884 0.19105106582316006 0.03404080732694621 0.024201219414791718
5 0.06471651797868141 0.1681155267854862 0.034122694482076034 0.02576371941479172