6 0.6864294211519936 0.37303827870073436 0.0745919756031114 0.2005743130112659
7 0.6463573704133089 0.06411190808847864 0.10512383723582168 0.07804609514371963
2 0.6564959605759968 0.19563469272821474 0.16691583098930565 0.22669419530200416
2 0.43981297550491555 0.276033931907662 0.18898172852997774 0.26014319279472176
2 0.4474613281606354 0.1137839844940868 0.16367265632127076 0.20629076708875882
2 0.22907442164297293 0.03556674162022279 0.12689884328594586 0.061495092636437175
5 0.4375146773003136 0.28377823574772804 0.03766362646343317 0.029216138558944317
5 0.44581246974937905 0.09889477038746412 0.03137726502711473 0.022784282132453627
5 0.6627823220123152 0.20206654915470548 0.031386355386194255 0.024346782132453625
5 0.6142124909248137 0.04364864390271368 0.018840903590796286 0.01617056927947218
5 0.2250409066158583 0.013578081353666083 0.028206813231716588 0.01488085391920826