6 0.396875 0.86015625 0.10625 0.2796875
5 0.3984375 0.89765625 0.03359375 0.028125
2 0.678125 0.7359375 0.2359375 0.36328125
5 0.69296875 0.76015625 0.04765625 0.03359375
6 0.8953125 0.54765625 0.07578125 0.23359375
5 0.9015625 0.54609375 0.02578125 0.025
2 0.38828125 0.37421875 0.1921875 0.303125
5 0.3828125 0.37109375 0.0375 0.0234375
2 0.61171875 0.16171875 0.13984375 0.20390625
5 0.61484375 0.16796875 0.03046875 0.02265625
2 0.3859375 0.11796875 0.1375 0.1953125
5 0.3859375 0.12734375 0.0296875 0.01953125
2 0.590625 0.06328125 0.1140625 0.12578125
5 0.59453125 0.046875 0.02578125 0.015625