6 0.3194942385569314 0.856231864246633 0.15090456129215682 0.28753627150673394
5 0.314841230648266 0.8983691492952651 0.03877333992388783 0.03299659057054072
2 0.6168414238419145 0.786415074645378 0.2939780820524035 0.4020163800648426
5 0.6282909184047071 0.8127785215022248 0.05315417490485963 0.04146406203449331
6 0.8624616244499368 0.6366120895325741 0.11292971741393636 0.24542812406898662
5 0.8687434579480339 0.6361219379609976 0.029271005931499162 0.02943494292790554
2 0.3899485903809984 0.38056737324041706 0.2413677352084335 0.33562509263745516
5 0.38463900787148436 0.37640641211554654 0.04177100593149907 0.03001713978475227
2 0.6450857124338393 0.20850839846669547 0.1729758794672147 0.22639133374611503
5 0.6471747944490618 0.21486756037735422 0.03389483893530461 0.02809076674922295
2 0.4292325607606842 0.12722620347187544 0.16953254448624283 0.21843328453190333
5 0.42728805878351783 0.13652842886476957 0.03220500494291585 0.024892992142117133
2 0.6398172336883776 0.10729050082406033 0.1337913626613009 0.14503001778268035
5 0.6467039036503215 0.09195659925248376 0.028889003954332713 0.020059942927905427