2 0.6784351233979465 0.76953125 0.40359629218760257 0.4609375
5 0.6732466595102812 0.97890625 0.06709821996293322 0.0421875
6 0.6802133558899334 0.4625 0.12148316351699648 0.2125
5 0.6806052254900468 0.49609375 0.03061508293962447 0.0265625
2 0.6353546905588384 0.20703125 0.19584824645662097 0.2390625
5 0.6348661064380875 0.26015625 0.03379464664195542 0.028125
6 0.6640649892002267 0.0671875 0.04804068511654265 0.078125
5 0.664791675497896 0.065625 0.019295637023308564 0.015625
6 0.7237128077118811 0.075 0.0547271947351895 0.090625
5 0.7286904843909033 0.0609375 0.01778770072563951 0.0171875
2 0.14164684137714506 0.11875 0.1989186827542901 0.2375
5 0.11173365208425101 0.15703125 0.036810519237293705 0.025