2 0.2963131428415988 0.7767192758642475 0.3653630206231644 0.44656144827150507
2 0.7246649269718787 0.7120984301918024 0.3086888154179624 0.3989449315119506
2 0.3411493737904628 0.12183451372354655 0.18388769454068407 0.21125105172849495
2 0.04583614476656302 0.17716790525199178 0.09167228953312603 0.22933581050398355
6 0.6398594745386867 0.9165715264578147 0.13630006299888783 0.16685694708437068
7 0.5744855185570258 0.15992686177026005 0.17062883134415224 0.25142141066226814
4 0.5514975266612951 0.3799438450772126 0.29128848379146144 0.44835389812585574
5 0.2870144665755919 0.8363145508705652 0.06366765785015556 0.04864810015828454
5 0.7395240875234572 0.7391383033113406 0.05861613680346807 0.04226170783841656
5 0.5662209083442656 0.4899326105166188 0.047314615756780753 0.03569345909205772
5 0.3348916685146735 0.1083486752437445 0.03583108418674961 0.026000210345698983
5 0.0024586001129394707 0.2510540346397361 0.0049172002258789415 0.02710806927947216