8 0.07421875 0.26484375 0.1484375 0.5296875
6 0.6072389400247419 0.8752246545727548 0.1445469365265156 0.24298745159900648
6 0.5827787784380369 0.4004473683702054 0.1061831185006847 0.2130817829810955
6 0.5577944649645525 0.15844622073133763 0.09474551332783498 0.19583065046753823
7 0.668657757126136 0.21404171487760512 0.1926494674053279 0.2854476623713949
2 0.15632054466886594 0.07791137656162898 0.17485891066226814 0.15582275312325797
5 0.11834317154932779 0.09382674717132963 0.03831835391920828 0.028343168617910818
2 0.49127220618906386 0.08394268706287103 0.15808058762187222 0.16788537412574206
5 0.48369538690959174 0.10107460314669907 0.031886497492717505 0.022056807181592353
5 0.546288663631769 0.17804110324489494 0.02094899749271768 0.02199317466803503
5 0.5780541745188287 0.42859509426790454 0.025636497492717503 0.022020445745273776