7 0.33139216661363885 0.40235619600113404 0.19119081070972524 0.32373514427970274
4 0.6585984619271398 0.5599356053417791 0.2963339387332697 0.5007738486335391
5 0.6780649825748224 0.7005159653232458 0.05677725867281787 0.04727679328391084
6 0.6357849338797328 0.9003968645591218 0.13057948002863498 0.19920627088175635
6 0.43180814791536754 0.6387699003549705 0.12523854670590726 0.2933184687818068
6 0.2544531178787783 0.8964608269491748 0.13217834269572598 0.20707834610165038
6 0.30244845926163966 0.538901331210344 0.12038741470399827 0.27909227767481415
5 0.252535534532188 0.9949082506329722 0.037718176002545345 0.010183498734055618
5 0.29915073659295793 0.5536359538056823 0.031577264003817974 0.02921627404661713
5 0.43671327657545866 0.6873983733131285 0.030069308004454242 0.03384921034428636
6 0.5440307159850462 0.12919898211346867 0.08008858402290801 0.17147818511654278
5 0.5453750399825008 0.14800354581579955 0.017351132001908985 0.01466270072563942