7 0.3484375 0.37421875 0.15703125 0.303125
4 0.66015625 0.55390625 0.24296875 0.46796875
5 0.66640625 0.6953125 0.05234375 0.040625
6 0.6046875 0.89921875 0.10703125 0.2015625
6 0.4265625 0.61640625 0.09296875 0.28046875
6 0.2234375 0.88203125 0.10625 0.23515625
6 0.30703125 0.5078125 0.0890625 0.26640625
5 0.21328125 0.9734375 0.034375 0.03359375
5 0.30234375 0.52265625 0.028125 0.02578125
5 0.4265625 0.66484375 0.02734375 0.0296875
6 0.5859375 0.1171875 0.06171875 0.16328125
5 0.58515625 0.1359375 0.01640625 0.01171875