6 0.5716084113538477 0.6108292111021585 0.13044657507848498 0.28954688936371686
5 0.5797174824756037 0.6493001769012915 0.03264208163720568 0.02838260523343692
7 0.6250166101313368 0.05446253842946959 0.12274918249628844 0.10892507685893918
2 0.20584953527999433 0.768433668655848 0.3513057089542545 0.4317021102127601
2 0.6325581201965604 0.8448332138035817 0.3480567989592032 0.2508161312594474
2 0.17303470827688597 0.03458783162650083 0.15393058344622806 0.06917566325300166
2 0.43771800599289384 0.044366108076034416 0.12456398801421234 0.08873221615206883
5 0.16274898349165662 0.005833500070587169 0.03075203301668674 0.011667000141174338
5 0.4419861041384429 0.0011359002047027916 0.025900758706427142 0.0022718004094055833
5 0.5939303844415963 0.036284237410517735 0.014635710085908294 0.011756547355046642
5 0.16808950644717904 0.8944725238892849 0.06290279172311405 0.0410492052052021