4 0.6412617395826956 0.4215053676163788 0.27780925399151374 0.42317463828925295
7 0.6654592208367964 0.11484613984889742 0.15897704646340927 0.22555061542376217
2 0.25974241452473645 0.006746018604321511 0.1305151709505271 0.013492037208643021
2 0.4566253903044487 0.10938613516680103 0.17278487847863158 0.21877227033360205
2 0.5844546185556189 0.2073907931142748 0.20986838441013073 0.24917165389834955
2 0.28813012790997794 0.5680207913849943 0.32551192494204084 0.44512404935917865
2 0.3164501515987931 0.8494419169755574 0.3300190583264072 0.2876934952754947
5 0.2727133749442284 0.5826016465571374 0.054780341901054186 0.042480165879248945
5 0.6214837973776304 0.543117472788522 0.04684050790866543 0.03908234736759475
5 0.5612890325860638 0.22068196679807217 0.03057883794672147 0.022911710344286185
5 0.4534685568063515 0.10976680336589381 0.03383117193911023 0.026145837748947985