4 0.64765625 0.41796875 0.196875 0.3859375
7 0.60546875 0.1140625 0.115625 0.20390625
2 0.1734375 0.0296875 0.12109375 0.059375
2 0.396875 0.1375 0.13203125 0.19375
2 0.5453125 0.215625 0.1640625 0.2171875
2 0.328125 0.61015625 0.24296875 0.39765625
2 0.4171875 0.88359375 0.28203125 0.23203125
5 0.31640625 0.6265625 0.04765625 0.0328125
5 0.65390625 0.53984375 0.04140625 0.03046875
5 0.525 0.23203125 0.02734375 0.01796875
5 0.39453125 0.13828125 0.0296875 0.01953125
5 0.1625 0.00625 0.025 0.0125