2 0.3640625 0.41875 0.1796875 0.3265625
5 0.3609375 0.43671875 0.05234375 0.05859375
6 0.4234375 0.11171875 0.0671875 0.2234375
5 0.42265625 0.153125 0.0234375 0.028125
7 0.665625 0.58046875 0.20546875 0.33828125
7 0.61640625 0.3375 0.1703125 0.28046875
5 0.56953125 0.38046875 0.025 0.03046875
6 0.77734375 0.2875 0.05234375 0.2609375
5 0.7859375 0.3359375 0.0359375 0.0265625
2 0.6203125 0.1796875 0.1421875 0.2140625
5 0.628125 0.25390625 0.034375 0.01875
5 0.4609375 0.0109375 0.02109375 0.01953125