4 0.7297793354715132 0.5254690974299501 0.24503476932211185 0.3527090186982713
2 0.30749763002136843 0.8204721340109767 0.24692465153609683 0.3590557319780466
6 0.641064098170203 0.8224314463717255 0.10629965153609681 0.3551371072565491
6 0.8484053722168202 0.8536822673854066 0.11365579454985522 0.29263546522918665
6 0.6457217608845912 0.26522139341976875 0.0737698606144388 0.14454997867599956
7 0.5978769940095502 0.08036458808081447 0.12069942431676957 0.14665791868236291
2 0.43213294292109106 0.05266520739177004 0.1142658858421822 0.0966033746817266
5 0.29842770878464175 0.9648004860359529 0.0594494110699257 0.047547709341181486
5 0.6427382147750915 0.8953992420830417 0.043551592558271325 0.03955339600572714
5 0.8633359461707701 0.9906464653882703 0.04004464664195524 0.01870706922345953
5 0.733045723127794 0.6637321660964046 0.05443452885594056 0.03811816534054522
5 0.4276165685116543 0.01278509472467915 0.033358137023308566 0.016006808004454337