2 0.72214293946253 0.5749923609243062 0.2928026359270003 0.4348884136130959
2 0.3867237615175634 0.36089771992398934 0.2001736479078997 0.28342773292582973
2 0.4246751069862416 0.04860019504790292 0.14622521397248325 0.09720039009580583
2 0.6073536869306413 0.09656464326159486 0.14604665389834964 0.19312928652318972
6 0.4525372783926044 0.5421610080290588 0.09815976932211168 0.35450379353213635
6 0.654841300540305 0.19422371777628272 0.07320935462398896 0.22062676051544958
5 0.3868601707733905 0.36480396992398934 0.048075401451278844 0.03683161465389251
5 0.4522123853788461 0.6000963387617533 0.037192465153609786 0.03782090456798422
5 0.7319544490811769 0.5870010379935278 0.06871528366526398 0.04727114767057934
5 0.611941983209777 0.10881184023209141 0.03390377404661713 0.03296963025772479
5 0.4293799651536096 0.013500419494447987 0.033521828130301044 0.02203213025772479