2 0.6453125 0.453125 0.2046875 0.33984375
5 0.6453125 0.4546875 0.06640625 0.04609375
2 0.4359375 0.24375 0.1390625 0.23828125
5 0.4328125 0.3203125 0.0421875 0.03203125
2 0.40859375 0.06171875 0.146875 0.12265625
5 0.4078125 0.040625 0.0375 0.028125
2 0.6203125 0.065625 0.12734375 0.13046875
5 0.6234375 0.0796875 0.03125 0.025
2 0.67265625 0.209375 0.16484375 0.15234375
5 0.67890625 0.2609375 0.040625 0.0359375
2 0.74921875 0.90703125 0.2734375 0.18515625
7 0.159375 0.9546875 0.15078125 0.08984375