2 0.6349573923863752 0.46328125 0.23839988809672583 0.353125
5 0.6349119282797524 0.46484375 0.07020485141192587 0.05
2 0.4469275096334185 0.23984375 0.16187082884638357 0.246875
5 0.4361060184089071 0.31640625 0.04475021034569906 0.034375
2 0.4365081498417155 0.0609375 0.15823370031656908 0.121875
5 0.4388208076009897 0.03515625 0.03997178213245363 0.03125
2 0.6478177228821113 0.075 0.1399838054894186 0.1390625
5 0.649752295922507 0.0890625 0.03358538981258548 0.0265625
2 0.6857315968595793 0.221875 0.17977373119538154 0.1640625
5 0.6873335492877195 0.27421875 0.04488660266556703 0.0390625
2 0.6930256758389769 0.9109375 0.2911204081549858 0.178125
7 0.10107385655950474 0.9296875 0.1591597028238516 0.1