2 0.3125 0.6546875 0.23125 0.42890625
5 0.3046875 0.67421875 0.05546875 0.04765625
2 0.68515625 0.50234375 0.19296875 0.29609375
5 0.696875 0.528125 0.046875 0.034375
6 0.54765625 0.290625 0.0640625 0.234375
5 0.55234375 0.3296875 0.03046875 0.02265625
2 0.40390625 0.1921875 0.15859375 0.27890625
5 0.40390625 0.203125 0.03828125 0.028125
4 0.62421875 0.18515625 0.1296875 0.2859375
5 0.62265625 0.271875 0.0375 0.03046875
2 0.59765625 0.01953125 0.1140625 0.0390625
5 0.6 0.028125 0.02734375 0.02265625
4 0.7375 0.94296875 0.29375 0.1140625