2 0.3888636784504848 0.5849169181269315 0.2636859342414531 0.3623737767345796
2 0.35015201137253954 0.10591521935659551 0.1760660020669146 0.19159766842151912
2 0.6026841600486319 0.2120435412707149 0.19289393713693723 0.2510544816532356
6 0.7549211337843871 0.8143287248175446 0.17509431513486523 0.33842721662612085
3 0.9028169007430069 0.3004849143163025 0.1600129706353833 0.31647040339440446
6 0.6600707826698764 0.3709281827612627 0.13010714681406554 0.31161018657189177
7 0.5646297342842344 0.06576798408912257 0.1386344685684687 0.12577268052176752
5 0.3486986732831983 0.10824987899751588 0.03888271753501131 0.02990566861791083
5 0.3828512729499668 0.6067510115110732 0.06504711124870503 0.05505111436318479
5 0.7737867578533736 0.9175355380492611 0.045496590570540715 0.03775453005422946
5 0.6673952851510758 0.4108037490180413 0.03746576674922295 0.03302157825883119
5 0.6144221807267964 0.22929467378427226 0.04200771753501122 0.029923849336070063