2 0.38521270361527443 0.39164677514292545 0.2225021034569899 0.35117066351699633
5 0.3802667908414352 0.40980649810108344 0.059676528371529966 0.06608135698624165
6 0.46726771951689905 0.10284471388766532 0.0970354390337981 0.20568942777533064
5 0.463648626022532 0.1308332715147284 0.02742631802583091 0.03061508293962456
7 0.6736400207831755 0.5747394950210405 0.249473780416594 0.36616074645662094
7 0.6430191919367919 0.3286829505560034 0.20707568025830944 0.3038045901960187
5 0.5933290804957363 0.3679562708817562 0.029079746239076342 0.03379464664195542
6 0.8069081956977155 0.29011397996009813 0.08741639812585582 0.2684077488188737
5 0.8122238330030187 0.33841507070427096 0.03992631802583091 0.03105159255827141
2 0.6587625492212125 0.17094237242570226 0.1707002595669115 0.2338541887447399
5 0.6609448263391011 0.24594237242570224 0.0365739974927175 0.02312996515360961
5 0.5120142666930475 0.0014260576270630682 0.024028533386094963 0.0028521152541261365