2 0.303125 0.58828125 0.19765625 0.32109375
5 0.2953125 0.61015625 0.0453125 0.0328125
2 0.6828125 0.6125 0.20390625 0.2859375
5 0.69609375 0.64296875 0.04296875 0.034375
2 0.6296875 0.25 0.16015625 0.29375
5 0.6359375 0.24140625 0.03515625 0.02265625
2 0.3953125 0.2 0.1359375 0.225
5 0.390625 0.2640625 0.03203125 0.02265625
2 0.40859375 0.04375 0.11015625 0.08671875
5 0.41171875 0.07421875 0.02890625 0.015625
6 0.55859375 0.059375 0.0359375 0.11875
5 0.56015625 0.0765625 0.01640625 0.015625
2 0.73671875 0.94140625 0.26015625 0.11640625
2 0.3015625 0.91171875 0.2984375 0.17578125
6 0.64765625 0.04921875 0.0453125 0.096875