2 0.2880399446021612 0.6468179139803325 0.2566982579458464 0.44116074645662096
5 0.2802128571497313 0.6665947006408214 0.05822367688202608 0.05040179328391083
2 0.6648146447158918 0.47529256652791974 0.2106615632693231 0.3069295901960187
5 0.6762641392786846 0.5006373069092729 0.04833934091247087 0.03757441106992569
6 0.5319397722059404 0.27085558158886214 0.07836371642535304 0.2383383029025577
5 0.5358168473010806 0.3097271086307042 0.03220500494291585 0.02452877404661713
2 0.39054279247189544 0.17983625590563176 0.17552255931499056 0.2869791887447398
5 0.39009712349853476 0.19077375590563178 0.04020850593149907 0.029489092558271413
4 0.6113009614452561 0.16120527387698108 0.14608972729976805 0.2921924784004536
5 0.6077674431564675 0.2479240238769811 0.038773339923887915 0.03255952885594056
2 0.5875172460456672 0.009474170603754509 0.11559050790866543 0.018948341207509017
5 0.5903239110646954 0.009059980994374385 0.02908000494291585 0.01811996198874877
4 0.7070486352871708 0.9130356139881817 0.3001511917107738 0.12906253974053178