2 0.3270956240671884 0.5847540712921837 0.20999040121604465 0.32416584802672616
5 0.32017446201390987 0.606719977959911 0.046649506920082205 0.03333975867281787
2 0.7077699625082015 0.6045547572406406 0.21477606030357368 0.288301073360908
5 0.722292718933992 0.6348689659055043 0.045150673916276675 0.034884077339272325
2 0.6398742193911027 0.24267292258118575 0.17134439528454556 0.2956044960216354
5 0.6457740509120334 0.23400644724700398 0.035266337946721474 0.022274989337999783
2 0.4034618755128821 0.1954001226130025 0.1451055474519924 0.2265817760184537
5 0.4013847223568522 0.2595171666136388 0.03214133794672147 0.022238626670908878
2 0.4103764258934429 0.04169096397597838 0.11294035178688588 0.08338192795195676
5 0.4147429323192336 0.0694279686107753 0.02876166996194396 0.015952264003818016
6 0.561013095855387 0.05622962929663805 0.040776191710773804 0.1124592585932761
5 0.5632759328135253 0.07004449192395805 0.01626166996194378 0.015806813335454438
2 0.7750781152071209 0.9328337512333228 0.26408635771838507 0.11864310136854392
2 0.33871219227942745 0.9082097526257291 0.3055682035737718 0.17847263470717997
6 0.6496617603801234 0.04519185829091104 0.049259853764052154 0.09038371658182208