6 0.115625 0.2515625 0.0578125 0.14296875
6 0.040625 0.365625 0.04765625 0.14921875
6 0.1984375 0.0640625 0.03984375 0.11640625
7 0.61640625 0.115625 0.12265625 0.21171875
6 0.02421875 0.5734375 0.0484375 0.259375
2 0.35859375 0.36875 0.196875 0.328125
2 0.34921875 0.890625 0.303125 0.21796875
5 0.35234375 0.371875 0.04140625 0.028125
7 0.41953125 0.14375 0.1375 0.21875
5 0.37734375 0.18515625 0.0203125 0.01875
6 0.1296875 0.10703125 0.05625 0.13984375
2 0.41484375 0.0546875 0.11171875 0.10859375
5 0.4125 0.0375 0.028125 0.02109375
5 0.584375 0.15 0.01875 0.01640625