6 0.81328125 0.05703125 0.0390625 0.1140625
7 0.46015625 0.82265625 0.22734375 0.3546875
7 0.74296875 0.5984375 0.2015625 0.3515625
2 0.03203125 0.35859375 0.0640625 0.40703125
2 0.4046875 0.1328125 0.14296875 0.21640625
2 0.54140625 0.29296875 0.175 0.30234375
2 0.17109375 0.059375 0.11796875 0.11875
5 0.39453125 0.9421875 0.0328125 0.028125
5 0.6921875 0.6609375 0.0296875 0.025
5 0.53046875 0.309375 0.0375 0.02734375
5 0.40234375 0.16796875 0.03046875 0.01875
5 0.16484375 0.0671875 0.034375 0.01875
5 0.81875 0.06171875 0.01484375 0.01484375