6 0.48203125 0.0953125 0.053125 0.1296875
6 0.59765625 0.61796875 0.09453125 0.27109375
6 0.69296875 0.215625 0.05625 0.184375
2 0.6328125 0.0921875 0.13359375 0.184375
2 0.37578125 0.42109375 0.2 0.3515625
2 0.15546875 0.071875 0.1265625 0.14375
2 0.92578125 0.17890625 0.14765625 0.29140625
5 0.371875 0.490625 0.05859375 0.0296875
5 0.15 0.10078125 0.03671875 0.03203125
5 0.4828125 0.1046875 0.0234375 0.02890625
5 0.64140625 0.096875 0.034375 0.03203125
5 0.69609375 0.23515625 0.0234375 0.025
5 0.4140625 0.009375 0.025 0.01875