2 0.555458564648319 0.1157042901190499 0.17605561203054415 0.23105657095872503
2 0.3264795893141373 0.12994787251052026 0.1632101666931806 0.20093256134007814
2 0.6584279286282746 0.25970477206288256 0.2367033053787253 0.34250499164729753
2 0.3620609112826387 0.3606423118034143 0.2557442067154523 0.3681597560752678
2 0.06295398599618199 0.14232142005560033 0.12590797199236398 0.18098215988879934
2 0.3446761533259094 0.04375370068323041 0.11037497334499946 0.08750740136646082
5 0.3650580946053664 0.4386309025475871 0.04569430800445433 0.03439484736759475
5 0.6693563379615017 0.2601040761465666 0.04097044533736351 0.03110615626060227
5 0.5647335673138191 0.12397065790506476 0.03466590133672724 0.026200401451278842
5 0.33316539397677375 0.1593898358500314 0.03310340133672707 0.026145837748947985
5 0.34394944732654575 0.03796870363604629 0.02994203866963625 0.02291171034428626
4 0.5253176259945912 0.03174104020386791 0.12436474801081765 0.06348208040773581
5 0.5263443239974547 0.005895302817739643 0.028379538669636162 0.011790605635479286
5 0.03273867998090997 0.13942459854872116 0.03154090133672712 0.02609127404661713