7 0.9453125 0.1140625 0.109375 0.21875
5 0.91953125 0.1546875 0.021875 0.015625
7 0.60859375 0.1859375 0.13984375 0.2453125
5 0.575 0.21640625 0.02265625 0.021875
2 0.415625 0.1875 0.15546875 0.2265625
5 0.409375 0.203125 0.034375 0.0234375
2 0.71875 0.66171875 0.253125 0.45390625
5 0.73359375 0.66484375 0.05546875 0.03671875
6 0.61640625 0.05703125 0.053125 0.1140625
5 0.6171875 0.09453125 0.0171875 0.0203125
2 0.43046875 0.04765625 0.11171875 0.0953125
5 0.43046875 0.0203125 0.0296875 0.021875