6 0.7871236654200869 0.6708323311010014 0.11735332137172563 0.2874601907221905
7 0.6614702320973592 0.7438003044092556 0.24662374538508836 0.39111838441013075
2 0.39021011338317957 0.3829132480600147 0.22214990937299817 0.30110087946721487
2 0.21708498010817684 0.8053427104938541 0.36528283871736134 0.38814457612090436
2 0.21314543734086328 0.06412746148243724 0.14816587468172654 0.11692219764227278
3 0.757879966064588 0.5064369086675995 0.18376011871417966 0.357321704562355
5 0.3745765700588609 0.44865099459997354 0.047238626670908876 0.0331600098858317
5 0.20299827800763603 0.0644948760071737 0.03152272000318168 0.02471083992388783
5 0.11796732212758503 0.9442049392393159 0.06607953333863613 0.04173651384016423
5 0.6027406694382225 0.7968497085538688 0.033139764003817976 0.029462006920082117
5 0.7896219567552232 0.6842090815952929 0.033212489337999786 0.03571200692008212