6 0.6479981659879451 0.10338285019318369 0.08820376413349429 0.16528274881887364
2 0.4054244001569701 0.5525024295894292 0.2790345612836752 0.35442463828925297
2 0.35931080223856365 0.09370409882279826 0.1754514586155702 0.18740819764559652
2 0.08697213478028057 0.1511507830322918 0.16788462008095947 0.19769843393541642
2 0.5857238952957301 0.19947908939341047 0.24367691542211817 0.33447423683797406
2 0.05642589891377475 0.3150148755905632 0.09696568973237765 0.3324702488188736
2 0.5362960261192817 0.043377944650371626 0.13509205223856355 0.08675588930074325
5 0.40735207032878673 0.5743501477382636 0.05360967887824373 0.04086310217691817
5 0.6033518085701417 0.25208573422126734 0.040700243102595124 0.03261409255827132
5 0.6581510939616777 0.11789921797919853 0.019732645861557076 0.01940476442797028
5 0.5355623637493814 0.008520550413077931 0.0325601944820761 0.017041100826155862
5 0.3588228013340525 0.06652028957089573 0.03256019448207601 0.02609127404661713
5 0.07935770861557022 0.18507191524627692 0.043415807326946276 0.024910719962933127