6 0.44609375 0.7984375 0.10234375 0.30078125
6 0.5125 0.29453125 0.059375 0.19375
6 0.67265625 0.58671875 0.08515625 0.2703125
6 0.721875 0.44375 0.0828125 0.24609375
2 0.63203125 0.21171875 0.15390625 0.228125
2 0.3609375 0.5828125 0.21484375 0.325
2 0.75625 0.95234375 0.30546875 0.09375
2 0.45546875 0.03046875 0.096875 0.0609375
5 0.35546875 0.6671875 0.04921875 0.03515625
5 0.44296875 0.8359375 0.03125 0.0265625
5 0.6796875 0.61328125 0.0296875 0.0265625
5 0.73046875 0.4625 0.025 0.025
5 0.640625 0.221875 0.03671875 0.02265625
5 0.515625 0.31484375 0.02421875 0.02265625
5 0.45625 0.0171875 0.02421875 0.0171875