6 0.5538101053389928 0.24656655335255015 0.061340156344514084 0.15425516046291673
6 0.6002292040284718 0.33102929053226854 0.07769250816812523 0.1862329065339753
2 0.6856503724377424 0.7180326768023642 0.2918693366247226 0.4693494292790543
2 0.2931583203853815 0.5146788143108049 0.25062608757465316 0.44089478949430205
2 0.3957086242406943 0.1657447005809005 0.15712674145062522 0.24612163688926816
2 0.4142241945291666 0.08578118052190861 0.15280161094166686 0.17156236104381722
2 0.0925128486894791 0.08631848966091779 0.1587243026210418 0.17263697932183558
4 0.6519229098598956 0.13737252864074578 0.16632120991548635 0.27474505728149157
5 0.699294645139166 0.7353464553384115 0.06039329255305557 0.04651543507002245
5 0.281148629655937 0.5277246238640988 0.054216027735416714 0.049349336641599
5 0.3880766557758331 0.22541079900932398 0.039753484232430567 0.031506865177646406
5 0.08182926861736102 0.10544517121628369 0.034884146276527785 0.02347604135632886
5 0.5983393957078469 0.34516456513937444 0.03353985182361115 0.03277826674922295
5 0.6532840816876387 0.1974505031048811 0.039680749050069505 0.02838186517764645
7 0.5691669208778125 0.03649282909555717 0.08350479065319458 0.07298565819111434