6 0.6081301162600005 0.42216371278200954 0.11959037385944456 0.24281254631872767
2 0.6804369548814933 0.20215511973026962 0.23085648860083358 0.32915676881613765
6 0.6780535712384028 0.032551095123163745 0.057268292553055745 0.046369885855810866
6 0.15372637167524314 0.08845032009951853 0.08695840539458351 0.17690064019903706
5 0.6073670500555907 0.4229813500855625 0.031977351823611146 0.032705492142117085
2 0.4398638934267362 0.09337535670059104 0.1766027868534724 0.18675071340118207
5 0.44745818787965286 0.07144673697483064 0.03502961664125 0.029726041356328857
5 0.6800382177992711 0.25222789433737547 0.04298758700597212 0.03633991439185813
2 0.35889448888517406 0.5002502872224996 0.27231794319798636 0.36698640860088994
2 0.3029770228888548 0.785973771506734 0.34793619224805583 0.3970420897419711
5 0.3387105818750699 0.5739253817219817 0.05080008700597229 0.036703787427387446
5 0.275199474636216 0.9030178763452982 0.06522626291777786 0.052983758891340216
2 0.6682928983638201 0.7556632634439634 0.3035328820275698 0.4339941261359012
5 0.6664232334699313 0.843345199961728 0.058830792553055566 0.046442660462916764
2 0.9234057048814932 0.6697449183253088 0.1531885902370135 0.4982663337461151