7 0.62890625 0.24609375 0.15078125 0.25078125
2 0.3625 0.24765625 0.1703125 0.34140625
2 0.28203125 0.8375 0.3 0.3234375
2 0.08203125 0.140625 0.16171875 0.28046875
2 0.7765625 0.91796875 0.321875 0.16328125
5 0.265625 0.9875 0.0609375 0.025
5 0.06953125 0.19375 0.03359375 0.021875
2 0.03203125 0.04296875 0.0640625 0.08515625
5 0.01015625 0.04140625 0.0203125 0.01875
2 0.20546875 0.034375 0.1171875 0.06875
5 0.19921875 0.01953125 0.02578125 0.02109375
5 0.35625 0.3515625 0.03828125 0.02578125
5 0.59375 0.2890625 0.02109375 0.01796875