6 0.50078125 0.3890625 0.07109375 0.21484375
6 0.5890625 0.7796875 0.11640625 0.290625
6 0.5703125 0.03828125 0.04296875 0.0765625
6 0.63828125 0.5046875 0.08515625 0.24296875
7 0.41875 0.128125 0.13125 0.23203125
2 0.278125 0.82109375 0.25625 0.35625
2 0.66015625 0.28828125 0.1578125 0.2296875
5 0.26328125 0.89296875 0.06015625 0.040625
5 0.59609375 0.8203125 0.03515625 0.03984375
5 0.6453125 0.53984375 0.0265625 0.02734375
5 0.49921875 0.409375 0.021875 0.01796875
5 0.66640625 0.35625 0.0359375 0.02421875
5 0.38046875 0.171875 0.0203125 0.0171875
5 0.57265625 0.0125 0.015625 0.01484375