6 0.8764286625557325 0.8499634617481735 0.1300714973742707 0.3000730765036529
2 0.3370132685789586 0.6601323226608633 0.2818532680617244 0.46595655832640726
2 0.3233256752864567 0.358650735702725 0.21822602538190683 0.36653487847863164
2 0.5610278593252731 0.08226328513188373 0.13419428134945371 0.12416169467652327
2 0.3683494633195461 0.11661974459997357 0.15537948535963508 0.19998936562705039
2 0.07063921666136388 0.20133434832684483 0.14127843332272777 0.24641869665368965
2 0.7148484619271397 0.5661010687437117 0.2678998560629971 0.4747585553606578
2 0.36031823997454665 0.20227074311709883 0.1637374253659985 0.24718270060802236
2 0.28923467532622765 0.06415397779405962 0.08372156667727229 0.08149935079830276
2 0.9397255713319546 0.04845194821092648 0.039298857336090974 0.021904174904859786
5 0.335595671904868 0.7147879891627661 0.0582852146721816 0.042980678859192524
5 0.7318626919160038 0.6488644891999472 0.0536340773392725 0.04591467787060921
5 0.3177660186187295 0.3662404012160446 0.047274989337999784 0.0362850098858317
5 0.5631812526655 0.03154570212807813 0.033012494668999894 0.018524506920082225
5 0.8897184558800509 0.9202659398079696 0.036392033338636054 0.04052684091247087
5 0.04694553596436528 0.26453734387822053 0.03940794533736345 0.031279174904859805
2 0.294105416534097 0.9801915187830804 0.2552329400063633 0.03961696243383912