6 0.85703125 0.85 0.10078125 0.29453125
2 0.33203125 0.63203125 0.23984375 0.43515625
2 0.34140625 0.33046875 0.18515625 0.34375
2 0.60078125 0.0609375 0.12265625 0.12109375
2 0.4046875 0.09140625 0.1375 0.1828125
2 0.08515625 0.16171875 0.15078125 0.228125
2 0.7171875 0.55625 0.22421875 0.446875
2 0.390625 0.1765625 0.14140625 0.2296875
2 0.3296875 0.0359375 0.07734375 0.071875
2 0.9828125 0.0296875 0.03359375 0.059375
5 0.3265625 0.68671875 0.0546875 0.0359375
5 0.728125 0.6390625 0.05 0.0390625
5 0.33515625 0.33828125 0.04453125 0.03046875
5 0.60625 0.0125 0.03125 0.021875
5 0.86484375 0.9171875 0.03359375 0.03671875
5 0.07265625 0.22421875 0.03671875 0.0265625
2 0.26328125 0.97265625 0.2515625 0.0546875