6 0.40234375 0.30546875 0.05859375 0.20546875
6 0.43984375 0.08671875 0.04921875 0.12109375
6 0.3640625 0.178125 0.0640625 0.178125
2 0.68671875 0.5765625 0.21328125 0.31796875
2 0.14375 0.09609375 0.1375 0.1921875
2 0.64296875 0.18828125 0.15859375 0.271875
2 0.06953125 0.2390625 0.13828125 0.334375
5 0.69765625 0.6140625 0.04921875 0.03515625
5 0.64921875 0.18984375 0.03359375 0.0203125
5 0.3625 0.20546875 0.01953125 0.01875
5 0.440625 0.0640625 0.01875 0.0171875
5 0.13828125 0.14453125 0.03671875 0.0203125
5 0.02578125 0.32109375 0.03671875 0.028125
4 0.59609375 0.06484375 0.12890625 0.1296875