6 0.3841470718090288 0.7802802000078491 0.1350245312876824 0.3103422776748143
6 0.5062375055440205 0.27703365971916327 0.08021666297065302 0.1992758029025577
6 0.6332957453030256 0.5719865172535592 0.11445442605424531 0.27843751324684407
6 0.697690716222656 0.4301784739696483 0.1098733418674959 0.25332838584218215
2 0.6341342633659411 0.19616062723502567 0.17936679451244916 0.2417212524470707
2 0.3234958110739236 0.5633134440173995 0.2508161312594476 0.34401292794496674
2 0.6756457851185003 0.9291516873091595 0.31465330517696727 0.10142861306150941
2 0.47791289739739895 0.022966240929507324 0.1035492052052021 0.04593248185901465
5 0.3084707795744797 0.64726185808255 0.05374662628012441 0.03930060217691818
5 0.37727544552890446 0.8179438911148418 0.03445059471009326 0.029270837748947898
5 0.6371719032237682 0.5991392942954011 0.03288809471009326 0.02921627404661713
5 0.7043656504517578 0.44943690545799414 0.028109589448421346 0.02749008293962447
5 0.6413097265342381 0.2068253087233714 0.038956084186749604 0.026309528855940557
5 0.5066169371422864 0.2972915960168324 0.02636507892507787 0.024310519237293705
5 0.48033994738328156 0.004315444650371626 0.026092063140062294 0.008630889300743252