6 0.28988607651031534 0.8070074840983754 0.13150557181592362 0.31627352084968263
2 0.13055458753040924 0.12335023495630522 0.1888908249391815 0.2445181927947217
2 0.6010160366935287 0.3800491451563549 0.23802828258831213 0.36624008010002485
2 0.6307636657892404 0.10196124907556317 0.14464994554888227 0.15887019780928666
2 0.6921934650739969 0.8124391301791671 0.33039758976990435 0.3751217396416656
2 0.8654881237329587 0.18302234712227666 0.19519536709365903 0.25407504922121243
2 0.453097208041914 0.15226982297388886 0.203180583916172 0.2839898697543259
5 0.28031563379010355 0.8403284494586394 0.03612839754067201 0.033858174452321775
5 0.1099011990649236 0.18135295157021036 0.034529536104353484 0.02756271034569897
5 0.4444034640920382 0.16920727038746414 0.03609203610435365 0.027608174452321686
5 0.6355011627641783 0.09350389139543122 0.031395445745273774 0.025909282132453627
5 0.6021740157144857 0.44962585926297755 0.042378397540672096 0.034040030878812286
6 0.6876762202403583 0.25833092102060234 0.07900676483072289 0.15383570533113405
5 0.8600284640920381 0.1813007227490973 0.03453862646343318 0.02912521034569897
5 0.709044621788051 0.8832770967265653 0.06435339149054772 0.051864028371529966