6 0.5771270012765463 0.844468659248137 0.13463966217500314 0.31106268150372607
6 0.6802343414392341 0.7157003272768726 0.13604762607064966 0.28828177088084705
2 0.37838251259122774 0.3608072524358869 0.2285260175611974 0.33881810206654456
2 0.06966656362450002 0.2457261113381226 0.12838966217500317 0.3147988190854491
2 0.5536102924490652 0.1883833274732643 0.21112034894328674 0.30121810811666877
2 0.6338795754301609 0.0888469357863248 0.14937380698520072 0.1618010841125637
2 0.11225910548439014 0.04206075585373247 0.13798178903121974 0.08361245159900635
5 0.5720758869133615 0.9088276376799186 0.037709078258831144 0.03615566861791066
5 0.6800661697962612 0.7446065772768725 0.023619307181592396 0.031386355386194255
5 0.37444444633444907 0.3662532765381879 0.04235112646343318 0.028370439695149675
5 0.5673228136245 0.24862139070498088 0.03452044574527395 0.02519998789975162
5 0.6385852561483201 0.08574920686356365 0.02981476502711473 0.02204771682251274
5 0.10291137656162899 0.03731871369925477 0.02980567466803503 0.020485216822512742
5 0.017517735463864672 0.3462073794884952 0.01733294574527388 0.02509999394987581