4 0.32578125 0.6669629029414195 0.259375 0.6104193734375271
2 0.0796875 0.15703125 0.159375 0.3140625
2 0.60234375 0.07988710814662159 0.1453125 0.15977421629324318
6 0.4921875 0.38148959257336756 0.071875 0.21824874203690497
6 0.42890625 0.16251905567107744 0.0625 0.17551521046687393
6 0.425 0.04191245413683924 0.053125 0.08382490827367849
6 0.6859375 0.21161119012605828 0.0671875 0.1804757262518895
6 0.778125 0.5335856296874192 0.0828125 0.23138577886860806
5 0.071875 0.2590950079630949 0.0375 0.02874662628012441
5 0.4265625 0.17515556356358522 0.0234375 0.01855257892507778
5 0.609375 0.017632947947978865 0.03125 0.02994510523343698
5 0.690625 0.2363381743410427 0.0234375 0.02324007892507769
5 0.49296875 0.40644408994253167 0.028125 0.029763094710093262
5 0.778125 0.5671793796874192 0.028125 0.023513094710093264
5 0.32109375 0.838329668726435 0.05625 0.03921368942018653