6 0.88125 0.33828125 0.0734375 0.20390625
6 0.7875 0.85625 0.1015625 0.28359375
6 0.640625 0.0484375 0.04921875 0.09609375
2 0.39921875 0.45625 0.19453125 0.30390625
2 0.04609375 0.35390625 0.09140625 0.284375
2 0.6484375 0.275 0.18046875 0.30546875
5 0.0046875 0.4359375 0.009375 0.025
5 0.4046875 0.478125 0.04453125 0.03046875
5 0.65546875 0.278125 0.03984375 0.0265625
5 0.88984375 0.3625 0.02421875 0.0234375
5 0.79453125 0.91484375 0.03515625 0.02578125
5 0.64296875 0.04140625 0.01875 0.01796875