6 0.6557340523577272 0.1815542101974499 0.08806236859279988 0.1714456320667471
2 0.449035724791129 0.1433194685651929 0.18566688045579802 0.23269074852966196
2 0.5918281308757274 0.5970663455435574 0.26100907315515476 0.35981317051050077
2 0.06103831768076641 0.3299198733603198 0.12207663536153282 0.36296474672063966
2 0.24983960764402288 0.6895349700355309 0.33835943482787256 0.49795497964646956
2 0.6369323142207253 0.12419873360319826 0.14574753460041112 0.17135045680654795
4 0.8610078482896638 0.3700346132950962 0.2510265780980706 0.3826774604245925
5 0.23375435121823224 0.7192257920617984 0.0628475098858317 0.050068599050060315
5 0.586141863575522 0.6789747648108627 0.048212006920082116 0.03526911465389251
5 0.6419527366541271 0.09705970149102264 0.02439250494291585 0.024665807326946277
5 0.4475050582892262 0.14245633141006317 0.035584672927693364 0.03148901741285455