2 0.61328125 0.1484375 0.14375 0.20546875
2 0.38671875 0.11875 0.134375 0.1765625
2 0.69375 0.3109375 0.18671875 0.309375
2 0.3875 0.35390625 0.2015625 0.33203125
2 0.10703125 0.07890625 0.13828125 0.15703125
2 0.4171875 0.0359375 0.09921875 0.07109375
5 0.3796875 0.43203125 0.04140625 0.02734375
5 0.7046875 0.31328125 0.0375 0.02421875
5 0.62109375 0.15859375 0.03203125 0.0203125
5 0.38828125 0.14921875 0.0296875 0.0203125
5 0.4171875 0.03125 0.0265625 0.01796875
4 0.6 0.040625 0.1125 0.08125
5 0.6015625 0.02890625 0.02578125 0.01796875
5 0.09609375 0.071875 0.028125 0.0203125