6 0.6177651113745322 0.14665429053226856 0.09856140999505136 0.1853981526050339
6 0.8127964868825586 0.47589437262575374 0.12963434757972223 0.2429580955329394
2 0.4349868266603648 0.7386192744022181 0.3660919052453529 0.501802364349077
2 0.07172227103089915 0.12822985380510693 0.1377124412027157 0.15916529238978616
2 0.5040600582314575 0.03750419230873289 0.13624511646291496 0.07500838461746578
2 0.08043660899968301 0.32439637841221275 0.14072897783744706 0.2762072431755745
5 0.4579849926483098 0.8636363910276067 0.06503850180902226 0.05134848428423453
5 0.8259073185197643 0.5019110630724597 0.031243355947465544 0.031070217535011223
5 0.6246702086155702 0.1588631921038451 0.02293953301668683 0.021331344499481996
5 0.05621345771105907 0.16106162448327135 0.030915807326946276 0.02482021753501131
5 0.046744361713216484 0.39879921898275333 0.04991146879233553 0.030381012820281585