2 0.31875 0.76953125 0.26015625 0.428125
5 0.30625 0.81796875 0.05390625 0.034375
2 0.61953125 0.52109375 0.2078125 0.32421875
5 0.62890625 0.5359375 0.04453125 0.0296875
6 0.66875 0.24921875 0.0640625 0.1859375
5 0.6703125 0.27734375 0.01796875 0.01953125
7 0.5953125 0.0578125 0.11171875 0.115625
5 0.5671875 0.04765625 0.01640625 0.0140625
2 0.425 0.1390625 0.13828125 0.21484375
5 0.42578125 0.19453125 0.03203125 0.01875
2 0.0421875 0.02890625 0.084375 0.0578125
2 0.4203125 0.02578125 0.10546875 0.0515625