7 0.6578125 0.4609375 0.175 0.3125
2 0.49140625 0.1890625 0.1640625 0.2265625
2 0.1109375 0.10390625 0.1390625 0.1953125
2 0.95390625 0.04609375 0.0765625 0.0921875
2 0.03515625 0.490625 0.0703125 0.303125
2 0.43671875 0.0328125 0.115625 0.065625
2 0.0375 0.03671875 0.0734375 0.059375
5 0.615625 0.5078125 0.0265625 0.025
5 0.48984375 0.2 0.034375 0.0203125
5 0.43515625 0.00859375 0.0265625 0.015625
5 0.95546875 0.0078125 0.0234375 0.015625
5 0.10625 0.14921875 0.0296875 0.0203125
5 0.046875 0.025 0.025 0.01875