6 0.40100500555914487 0.28377940564284254 0.06369992739850953 0.20989021046687392
6 0.43332156010845857 0.062365314667241656 0.05227154800821019 0.12473062933448331
6 0.3596436864736958 0.15958304244631064 0.06823289129415606 0.1836007262518895
2 0.6916174117822197 0.5333496822335505 0.22062261397040128 0.3346157366340588
2 0.13731416851971495 0.09806613818947321 0.14176129488495218 0.19613227637894642
2 0.6385817527304745 0.14880735323788558 0.1656624031980128 0.28455555247554415
2 0.0694050267345796 0.24291627111727454 0.13790101756119744 0.3454174577654509
5 0.7035543304001305 0.5701671427710117 0.05020907825883114 0.038849668373499215
5 0.6448408430895541 0.15000583219119817 0.03449317466803503 0.022314615756780665
5 0.35824026775758916 0.1870177977079825 0.02042158430895542 0.019933068401734033
5 0.43318974990180414 0.03963529251689781 0.01884999394987581 0.018279563140062183
5 0.1329084696511831 0.14309130538872875 0.037618174668035034 0.02249662628012441
5 0.024574315765799336 0.3283679237057582 0.03766362646343312 0.03030912628012441
4 0.5878727047222643 0.0488646213008012 0.13199540944452864 0.0977292426016024