7 0.38828125 0.21640625 0.14140625 0.246875
6 0.4171875 0.86796875 0.1046875 0.2609375
2 0.6125 0.08828125 0.13203125 0.1765625
2 0.72734375 0.7578125 0.24765625 0.48046875
2 0.31796875 0.615625 0.21953125 0.32890625
2 0.62421875 0.36484375 0.18203125 0.33125
2 0.03984375 0.30078125 0.0796875 0.33984375
2 0.0296875 0.0515625 0.05859375 0.103125
5 0.309375 0.6515625 0.0484375 0.0328125
5 0.4125 0.93828125 0.034375 0.03359375
5 0.71796875 0.84609375 0.03671875 0.040625
5 0.6328125 0.39375 0.040625 0.028125
5 0.35078125 0.2640625 0.01875 0.0171875
5 0.6203125 0.0953125 0.0296875 0.0203125