7 0.6359375 0.36171875 0.178125 0.29296875
2 0.31953125 0.51171875 0.21171875 0.4203125
2 0.625 0.16171875 0.15390625 0.2265625
2 0.74296875 0.7796875 0.25078125 0.43671875
2 0.59453125 0.0515625 0.11328125 0.103125
2 0.05234375 0.328125 0.1046875 0.278125
5 0.74453125 0.8671875 0.05625 0.03203125
5 0.5921875 0.40859375 0.02265625 0.02109375
5 0.63125 0.184375 0.03359375 0.021875
5 0.596875 0.01328125 0.02578125 0.01796875
5 0.31171875 0.6515625 0.046875 0.03125
5 0.0140625 0.415625 0.02734375 0.02421875