7 0.6923264978073833 0.7823165266173836 0.310188543368729 0.3933467292769343
6 0.6424603516287641 0.22808928304317427 0.0942658990890262 0.19731535178688592
6 0.4434003805695227 0.5992161610275144 0.12388396641955413 0.2858976907221905
7 0.1627033858421822 0.09346615711036264 0.14415677168436442 0.1869323142207253
7 0.08684775788936631 0.2914115671864748 0.15266373084752433 0.30579369665368955
2 0.4637376069862416 0.04969495798521508 0.13060021397248325 0.09938991597043016
2 0.22393849700477508 0.03356723368837762 0.13850199400955018 0.06713446737675524
5 0.6287402021612198 0.8881792074537425 0.04193452885594055 0.039155341901054186
5 0.43809532167651516 0.6041264955141946 0.033958337748947895 0.03414950692008212
5 0.6418799982707195 0.25627795003936865 0.024310519237293705 0.02595500494291585
5 0.4648536736837974 0.007254119297056223 0.030396828130301045 0.014508238594112446