4 0.86484375 0.20703125 0.20859375 0.33359375
7 0.60859375 0.07421875 0.1109375 0.1484375
7 0.6703125 0.4453125 0.17890625 0.28828125
2 0.42265625 0.05078125 0.11875 0.1015625
2 0.33828125 0.52109375 0.22890625 0.390625
2 0.7265625 0.384375 0.221875 0.31796875
2 0.70390625 0.7796875 0.2703125 0.440625
2 0.31640625 0.8265625 0.271875 0.346875
5 0.3328125 0.64140625 0.04609375 0.02734375
5 0.71015625 0.95625 0.05703125 0.0359375
5 0.62265625 0.528125 0.025 0.0203125
5 0.75625 0.396875 0.03828125 0.02421875
5 0.89296875 0.2828125 0.03203125 0.0234375
5 0.57734375 0.07421875 0.01796875 0.0125