6 0.11703494418223168 0.1265674452833438 0.06542336463846721 0.15051092068857255
6 0.3838364195048333 0.3957712799522489 0.08073002965749528 0.14324405771188112
2 0.39183589779318456 0.6880951892080761 0.3034750988583174 0.4786805938242157
2 0.3809528641441756 0.13365201438556126 0.18569605536065784 0.2673040287711225
2 0.04718801779449714 0.08284721633473605 0.09259335969555131 0.12805556733052792
2 0.565686008402957 0.031031712073566788 0.12199701680591399 0.062063424147133575
5 0.3273860786295434 0.7576289284083029 0.05634284190105419 0.04253472958157989
5 0.38434575547438854 0.4082712799522489 0.029271005931498985 0.029107146641955416
5 0.38224079152049334 0.18380699329176003 0.03539367193911023 0.026200401451278842
5 0.03513368676785788 0.09422122595338288 0.030578837946721484 0.02291171034428625
5 0.5687327539543328 0.00515869283627309 0.02745383794672147 0.01031738567254618