7 0.6872826225693109 0.622806186742291 0.2507592995102373 0.40723584422416687
2 0.4292493490270653 0.14931936103857604 0.17111488960884888 0.22889133225631958
2 0.41405717695081223 0.39332393417683986 0.22077969886161425 0.30033122758291686
2 0.08029365178700885 0.18711683387184022 0.14202740746575643 0.262575348023889
2 0.6752233587728885 0.9557641571070133 0.23535684740221222 0.06170513867708358
7 0.6385794845787245 0.10787059099631921 0.15390011606989873 0.21574118199263842
5 0.6070022021113204 0.12175413943958283 0.020639782467404187 0.019222778685347254
5 0.4268374151796895 0.15328016242534687 0.03640115016215582 0.027398954597152782
5 0.0454589557647684 0.25899248708222217 0.03796365016215577 0.027435322188333354
5 0.3950071680223585 0.4109478452710066 0.04591251785690744 0.03542966014423623
5 0.6337933839333967 0.6896495010468398 0.03494774431795715 0.03361258700597229