6 0.583335195647078 0.07754731136104144 0.06028403590796181 0.15509462272208288
2 0.40608741529826115 0.2312057938842358 0.1732385538619426 0.2383754350298613
2 0.7949298059050461 0.8558349326582284 0.30615104781181834 0.25865418028020876
2 0.1255681474424761 0.09711073613229164 0.1573862948849522 0.19422147226458328
2 0.25854285401145216 0.9253584502287499 0.2929056383672898 0.13023823955076425
5 0.8112138569383184 0.9687525067464229 0.06420794574527378 0.02649107123840295
5 0.5811187106741926 0.09820818987642313 0.02510908430895533 0.019331881458888887
5 0.3983158219141194 0.23841888184013857 0.04081589754067201 0.033758057370694414
5 0.11171927088084713 0.13179290102618046 0.03609203610435352 0.027398954597152823
6 0.03865395472226433 0.06377155927055554 0.027307909444528655 0.12754311854111108
2 0.05871646984757484 0.020730074088194432 0.054932939695149674 0.041460148176388864