6 0.33203125 0.82109375 0.09296875 0.30390625
2 0.0875 0.16328125 0.16015625 0.2296875
2 0.5859375 0.35078125 0.19609375 0.33828125
2 0.5796875 0.0703125 0.12734375 0.140625
2 0.73515625 0.7984375 0.28203125 0.4
2 0.821875 0.115625 0.1671875 0.23046875
2 0.409375 0.1390625 0.16875 0.278125
5 0.32734375 0.85546875 0.0328125 0.02890625
5 0.075 0.228125 0.03203125 0.02265625
5 0.40390625 0.165625 0.03359375 0.02265625
5 0.5828125 0.06171875 0.02890625 0.02109375
5 0.5953125 0.41953125 0.0390625 0.02890625
6 0.65546875 0.2171875 0.0609375 0.14453125
5 0.81640625 0.11484375 0.03203125 0.025
5 0.75625 0.83359375 0.059375 0.04375