6 0.6594906240689866 0.07759619127527559 0.06381855913900907 0.15519238255055118
2 0.676459916044488 0.35291925310488115 0.19747442927905431 0.28983740363849114
2 0.37489957009726393 0.40063127688341743 0.19827925806277066 0.37406685442427945
2 0.43318929735218487 0.18965308147431265 0.16389564185166688 0.23838191149637403
2 0.44326415653397533 0.06464996619196772 0.13184081306795062 0.12929993238393545
7 0.7514558395325741 0.8536426910703877 0.2527398180303493 0.23784256410140792
5 0.6923420128157723 0.9628764499617279 0.03502997146395277 0.015663541356328636
5 0.37181526550636873 0.4688911253118409 0.04505994292790545 0.030162688998963995
5 0.6871106257216164 0.4134928800693518 0.040299668320799495 0.028381865177646404
5 0.4374594203877141 0.197283644956548 0.03375856989237604 0.02184076674922304
5 0.665796282050704 0.09034647849777525 0.01940497146395277 0.014935795285270292
5 0.43939429383752826 0.05391463461746578 0.02899829528527036 0.020059942927905427