6 0.8832685341176185 0.3369967932822107 0.09717902274507892 0.2103584899708701
6 0.8506167774980808 0.8558446266160992 0.1354110769216895 0.2883107467678016
6 0.609886576302517 0.062216787476222966 0.06039815260503385 0.09069920783841652
2 0.41767142100688676 0.47480640102884963 0.23039824524248903 0.32346154671392996
2 0.06406907795514677 0.38727869114536906 0.10572357692168947 0.29330738229073816
2 0.6443665459044429 0.2832339811288745 0.216335745242489 0.32305236975432583
5 0.025030156738863073 0.4704034282132453 0.0074143937136937205 0.02518185642649069
5 0.42572151550636866 0.4968859895086517 0.04840326674922295 0.03417642319868044
5 0.6523245951186546 0.28658630166198795 0.043570217535011224 0.030915030878812377
5 0.8953340405277593 0.36153379202856945 0.02772689371369381 0.025772889812585565
5 0.8642469379609974 0.9169056021368416 0.03880994292790518 0.029216138558944494
5 0.6124657667492229 0.05058896568946832 0.02118579528527036 0.01934103338609485