2 0.7030594267111384 0.6560883143118711 0.3356032402374428 0.48162374648395867
2 0.7200095356133742 0.3466042300029156 0.2787987283335859 0.3859839935570924
2 0.5547062015990063 0.13427746770627552 0.1810601442210224 0.23698289129415606
2 0.3424693011314681 0.04644671136156372 0.10980224687674198 0.07407382513557323
6 0.40986185509160666 0.21559162110067995 0.08699198165323577 0.18174996974937896
7 0.5112011204133089 0.04397167203575639 0.10052724082661779 0.08794334407151277
5 0.4146857104778009 0.23900185002344113 0.02512726502711473 0.022020445745273863
5 0.5633272226762452 0.1389149707313376 0.03607385538619425 0.02364657825883123
5 0.7457316982793566 0.336297989078102 0.04708407825883114 0.03621021077238851
5 0.720283288147457 0.6622383203619953 0.05963862041330899 0.04565793364502539
5 0.4799329396951498 0.03939675976255736 0.01885908430895533 0.018859084308955408