7 0.6401464787157705 0.35431894724700397 0.1815430907065437 0.2958226720241807
2 0.3254856367361332 0.5080006672899565 0.2173907787237246 0.42278516136218053
2 0.6268817680219535 0.15444621658182206 0.1557612933640895 0.22834427068745358
2 0.752041235439177 0.7710422758991411 0.2550907733927247 0.44040901336727123
2 0.5951312340069996 0.048430765296797136 0.11369996801399936 0.09686153059359427
2 0.05616183004454341 0.3275159253262276 0.10792377737108919 0.2793431493475448
5 0.7546218901177218 0.8585240945655956 0.05661362667090888 0.03190452800763595
5 0.5969419187221338 0.4017030245862765 0.022129538669636163 0.022129538669636205
5 0.6333953973583626 0.17702974124764032 0.03462953866963616 0.022274989337999783
5 0.5970295413351362 0.007928215627001824 0.025218176002545434 0.01585643125400365
5 0.31930036608845047 0.6479353239576838 0.047238626670908876 0.031795440006363404
5 0.018898734723088315 0.415461367998091 0.02841590133672712 0.025327264003817972