6 0.6530087119122566 0.37421875 0.09702438962701407 0.2078125
6 0.6721145492994786 0.76171875 0.13205531268902798 0.303125
2 0.11732970431281235 0.16171875 0.1965529173624308 0.2546875
2 0.36083743607670093 0.47421875 0.2434292237831947 0.321875
2 0.6395878704409721 0.078125 0.12983558320625016 0.140625
5 0.3503356939604857 0.4890625 0.047602351823611146 0.03125
5 0.6720411609067355 0.7984375 0.030378484232430482 0.0296875
5 0.6511370873872219 0.3875 0.025618249050069507 0.0265625
5 0.6472737370822221 0.05 0.031904616641250175 0.028125
2 0.44707306212034714 0.0921875 0.17460387575930572 0.184375
5 0.44371167277767354 0.10234375 0.023983013867708357 0.0234375
5 0.0900028316876387 0.228125 0.039717116641250036 0.028125