7 0.7652853962731287 0.2589678912274596 0.1660202253226018 0.28623182835784544
6 0.35489560779274704 0.8895859639310956 0.12313770555093821 0.1904346494796016
2 0.39952242790779036 0.4284570341483406 0.20559206129215682 0.30077900723608925
2 0.6293731180985083 0.13221171868079387 0.1495383794672147 0.22611984396167767
2 0.7397985539149641 0.6133997636832683 0.2644470909496519 0.44418817051050075
2 0.11191902125453826 0.09948986629357273 0.15502437551288212 0.19897973258714546
2 0.0415414901513493 0.34700447478522933 0.066622403193211 0.33403416327441154
5 0.7550879728883249 0.6235593357095356 0.052963173916276675 0.03707727611928178
5 0.3941000988583175 0.44909708276885957 0.044896005931499075 0.030417840343633172
5 0.10542628212895318 0.14714391564926074 0.03214133794672147 0.023512743102595036
5 0.634726462965312 0.18673544437053438 0.03383117193911023 0.02671963025772479
5 0.7195709896570577 0.30912169945891704 0.026018671939110404 0.02631019448207601