6 0.7983753155185485 0.04930809094825481 0.046750631037097 0.09861618189650961
7 0.49498513803021893 0.8183530067374953 0.249473780416594 0.35920332493918145
7 0.7632564502500621 0.5855031035394825 0.224473780416594 0.3590578791939077
2 0.04372388558944347 0.374809102459328 0.07753659593514246 0.40975679508134394
2 0.39616560932948464 0.13443706987101595 0.15645590314042063 0.2227476744716433
2 0.54285405588513 0.28829734719477074 0.19489392900466812 0.3088942527304745
2 0.158318616851332 0.07018471409203822 0.12546666442319182 0.12414654800821016
5 0.4376620345067221 0.9429262807416003 0.03523881802583091 0.029887487899751618
5 0.716682978621592 0.6498474046709507 0.03202288981258548 0.02674430718159222
5 0.5324166610579795 0.30554847970832805 0.03988085391920819 0.028352258976990452
5 0.39562605172849497 0.16960241023009556 0.031841033386094786 0.020494307181592352
5 0.15229593738444538 0.0780335755283567 0.03496603338609487 0.020512487899751575
5 0.804602583465237 0.046108805433076494 0.016079641066226814 0.015715903590796176