6 0.712957817393361 0.43395135590391354 0.11986015603118041 0.23105110001590834
2 0.3631823473504083 0.12157227128422951 0.1664987986950896 0.2112840400222717
2 0.04717608668840809 0.15962899132718208 0.09275221602481705 0.18386701734563582
2 0.5708221246817266 0.10812848396722878 0.17601924936345306 0.21625696793445756
2 0.39099191072563366 0.4298842106142752 0.2674089600572701 0.42492946403563464
2 0.4095093847867218 0.8797296692791388 0.33862833736472575 0.2351589867122706
5 0.3972151860677696 0.49466432594686605 0.04887385200509069 0.038063621339908774
5 0.5837857486871354 0.14400870325432183 0.03466590133672707 0.025399989337999786
5 0.3663800726845901 0.12778590861713862 0.03310340133672707 0.02538180800445433
5 0.013201076026407877 0.19440398066518189 0.02214772000318167 0.02369203866963625
5 0.7256123587284972 0.44708715523554987 0.030014764003817973 0.028470445337363516