6 0.0047090450493057915 0.25546875 0.009418090098611583 0.1578125
7 0.5903271708617324 0.19609375 0.1718240016215578 0.265625
7 0.5581886010556601 0.06796875 0.12112279788867966 0.1359375
2 0.6609088575517772 0.44921875 0.25172178165333003 0.3671875
2 0.3331502759778776 0.5625 0.26937293181548566 0.39375
2 0.3496339870143565 0.2 0.1742671631477993 0.2265625
5 0.32805367289362247 0.5859375 0.050600017856907445 0.034375
5 0.6746713486233235 0.46640625 0.04744774431795697 0.0328125
5 0.3439334119332786 0.21328125 0.03634660308425506 0.0234375
5 0.5551066911542717 0.24453125 0.02220228246740419 0.01875
5 0.536194824270299 0.11953125 0.01905000892845372 0.0171875