7 0.5833607186417303 0.22508598058564008 0.19524939974588626 0.2692783533577262
2 0.3172961028849497 0.26253362595482027 0.2318687101845253 0.3618294800286351
2 0.27599366658970925 0.8376245326225475 0.3559740681193853 0.321114668045816
2 0.06821167370575819 0.1937221806572277 0.13642334741151638 0.3000556386855446
2 0.7744542824170771 0.8716411652212324 0.3508021787556686 0.20550784937936156
5 0.020686413394175998 0.24802841999522748 0.03748458944842143 0.026980670671545238
2 0.006174405289906717 0.10225284333227277 0.012348810579813433 0.09236931333545444
2 0.1465040027014231 0.07168300131286456 0.12982327886860795 0.08426700668363558
5 0.13946504742563381 0.0584926579805918 0.029490078925077733 0.023764764003818016
5 0.31749425298377176 0.3663671506206385 0.04235409997176518 0.030160214672181596
5 0.550943060791575 0.2723064259230036 0.024620568401734034 0.020585220003181703