6 0.5046570306088973 0.2559907494032241 0.08665637749004844 0.21028406667727229
6 0.00526582015222434 0.20165340666772721 0.01053164030444868 0.15330681333545443
6 0.782433156616071 0.05678327943981328 0.057008686767857954 0.0959306653405451
2 0.326804014260094 0.7268015940483614 0.2779710800752372 0.38274196403563465
2 0.36894631817505796 0.07620215738381586 0.13835152866891215 0.1374829133513628
5 0.3168732573400117 0.7595140967138615 0.05790534190105419 0.04127952800763594
7 0.5629974071103627 0.05188505207667828 0.10838018577927463 0.09184314934754481
5 0.5104786076812039 0.2857600654041786 0.02276633794672147 0.022129538669636163
5 0.369007326578015 0.036340226050270416 0.030706171939110228 0.025345445337363447
5 0.5288916625475701 0.025694722071905783 0.01782416996194396 0.015824994668999892
5 0.7858446580989458 0.04978839210690418 0.01782416996194396 0.015824994668999892