6 0.11578778163641919 0.2766781240689866 0.07239303846084474 0.14836903349844607
6 0.052532264472911414 0.3914447913563288 0.06174663688926816 0.15410961124870504
6 0.17952914226595165 0.08865589329940896 0.05084337014004516 0.12086046360606986
7 0.6012243598009629 0.1379197626108846 0.1429281703877141 0.22337334160399788
6 0.05752378721799045 0.5990389675350112 0.07152835938667819 0.26370293507002246
2 0.3691011803125116 0.3929367865988179 0.22978181513486523 0.34747012117350257
2 0.4110127760503387 0.8955736732831984 0.3242509449948201 0.20885265343360332
5 0.36377797952672336 0.3958070754739474 0.043570217535011314 0.03165241439185813
7 0.4076948376750565 0.16710418672265243 0.15891704342324342 0.2319135876750565
5 0.3698887766740205 0.2089984342414531 0.022821069892376134 0.021331344499481996
6 0.11526974317557445 0.13165672249741003 0.07068498924663302 0.14517125889134014
2 0.3941716850700226 0.07760503908001729 0.12250004631872757 0.1195205955329393
5 0.39028255169541104 0.06105323986580556 0.030706344499482084 0.02325771753501129
5 0.5724294257643976 0.17243815777232036 0.02111302067816432 0.018133569892376133