6 0.67890625 0.11640625 0.0484375 0.096875
2 0.66484375 0.3109375 0.1828125 0.30703125
2 0.30390625 0.70546875 0.2578125 0.43671875
2 0.97734375 0.0390625 0.0421875 0.078125
2 0.37734375 0.1546875 0.15390625 0.27578125
2 0.61640625 0.0578125 0.13984375 0.115625
2 0.35078125 0.3953125 0.19765625 0.34296875
5 0.2984375 0.72265625 0.05703125 0.03984375
5 0.34765625 0.43359375 0.04453125 0.03046875
5 0.67265625 0.32109375 0.03984375 0.03046875
5 0.3734375 0.153125 0.034375 0.025
5 0.6125 0.03125 0.0296875 0.0203125
2 0.39921875 0.05859375 0.11796875 0.11640625