6 0.6947086845958215 0.5463468204953889 0.12320333203372584 0.25263890507947584
2 0.13671765531509175 0.13920388765628075 0.19357037603436206 0.2597817716843644
2 0.2586326352244141 0.8098400360699257 0.3527646573838158 0.3803199278601486
2 0.46036424065086434 0.1325298240387679 0.18864651869827131 0.2393055805773719
2 0.667557480625411 0.3273413601511026 0.24169988804899772 0.3692311827542901
2 0.6789511559914094 0.08701646051392228 0.12927042401336308 0.10291172359113018
5 0.22132244454173305 0.9284152097961321 0.06934998400699968 0.053963302902557686
5 0.6952263052594125 0.5690303523465543 0.02999658267027261 0.027599210344286362
5 0.6614251119510023 0.3841816371929446 0.042532945337363515 0.031160719962933035
5 0.45469549598186454 0.1495263510806099 0.03310340133672725 0.026145837748947985
5 0.11722222063972851 0.20261162322831047 0.036246582670272566 0.0278174651536097