6 0.36015625 0.72109375 0.09921875 0.290625
6 0.2828125 0.91953125 0.11796875 0.15625
2 0.66171875 0.309375 0.17265625 0.22578125
2 0.13203125 0.0734375 0.13046875 0.14609375
2 0.4015625 0.2203125 0.17109375 0.29609375
1 0.6390625 0.6375 0.2421875 0.4859375
5 0.65234375 0.71875 0.05234375 0.03671875
5 0.35546875 0.77734375 0.0328125 0.03125
5 0.39765625 0.26875 0.03671875 0.02734375
5 0.671875 0.33828125 0.0359375 0.02578125
5 0.12734375 0.10234375 0.028125 0.0171875
2 0.01953125 0.04296875 0.0390625 0.0859375
2 0.4203125 0.06171875 0.121875 0.1234375
5 0.42109375 0.04453125 0.0296875 0.02265625