6 0.6453125 0.35546875 0.06875 0.2015625
6 0.7203125 0.73671875 0.08984375 0.29453125
2 0.0828125 0.21015625 0.16328125 0.23671875
2 0.36953125 0.48984375 0.20078125 0.3
2 0.5890625 0.0640625 0.1125 0.128125
5 0.36171875 0.50625 0.04453125 0.0265625
5 0.72578125 0.77265625 0.0265625 0.02734375
5 0.6453125 0.36875 0.02265625 0.0234375
5 0.5921875 0.03515625 0.02890625 0.02421875
2 0.4 0.09296875 0.1484375 0.1859375
5 0.39765625 0.11171875 0.0203125 0.021875
5 0.06484375 0.2796875 0.0359375 0.0234375