7 0.43602681315417663 0.19641966355813167 0.18422126569391467 0.26711713636243806
6 0.3961980314726473 0.8467293551161452 0.1501736479078998 0.2758921185055307
2 0.672514895460829 0.09718223275364815 0.1614533990890262 0.1943644655072963
2 0.7157987141421194 0.7535973693229001 0.32886911069925695 0.4742047077900679
2 0.32447676577873263 0.583757796674159 0.2749405241314351 0.36083195454365724
2 0.6555828889222252 0.37238432549141026 0.23889389672677339 0.3570796631477993
2 0.08022324645662095 0.23780791720828437 0.13867564191745 0.34908415665497755
2 0.0976661736837974 0.022124415990468372 0.07345734736759482 0.044248831980936744
5 0.31161466723001147 0.618378258524712 0.05448909255827141 0.03998980032431163
5 0.3845363343752049 0.9157248169666984 0.04037202885594056 0.038181838473758486
5 0.6984698596029484 0.8617780620987296 0.04376984736759475 0.04604888555165907
5 0.6605258492665114 0.40200364164403435 0.0448958377489479 0.033576159090609535
5 0.39372275126594436 0.2385895726487412 0.021021828130301047 0.02066705600635448
5 0.6798189639724834 0.10382919440397795 0.0336855192372937 0.02557274431795715