2 0.33515625 0.8609375 0.2734375 0.278125
2 0.06875 0.12734375 0.1375 0.2546875
2 0.58671875 0.26640625 0.18046875 0.28203125
2 0.56328125 0.06640625 0.13359375 0.1328125
6 0.81875 0.28125 0.0703125 0.16953125
7 0.7359375 0.9265625 0.24453125 0.146875
5 0.32265625 0.9640625 0.059375 0.04453125
5 0.04140625 0.19140625 0.0328125 0.025
5 0.590625 0.25390625 0.0375 0.0265625
5 0.571875 0.04609375 0.02734375 0.021875
5 0.82265625 0.29453125 0.01953125 0.01875
6 0.29609375 0.0859375 0.06796875 0.171875
5 0.31015625 0.09609375 0.01875 0.0125