4 0.6006872382413551 0.3363964124206881 0.23544169154139993 0.385654790921658
6 0.8161762036427884 0.8393577544308053 0.14401110809517173 0.30759922359113007
8 0.10062079771600785 0.18948414065150562 0.2012415954320157 0.3070932813030113
2 0.3252346161242306 0.14128228674530688 0.17396420171816535 0.22442462504240898
2 0.40486464665452654 0.6230630548014743 0.2833878686106214 0.37797126569391465
2 0.5296974660788021 0.0631101906436564 0.13123006784239594 0.09348215988879931
5 0.8286452261440257 0.8851886096029483 0.03946529172311415 0.03880952885594056
5 0.3960794668717716 0.6861533318433162 0.051883404567984216 0.03768353847458741
5 0.6129205653560049 0.43152786314632746 0.04538774310259512 0.03277778366526398
5 0.3259848886254678 0.1867039141499686 0.033958920171816495 0.023020837748947986
5 0.015218346619440304 0.2368105192372937 0.030436693238880607 0.024637901451278844