6 0.48429759837269176 0.3890625 0.08950731456303558 0.2171875
6 0.5378807852799943 0.7828125 0.14195728516439346 0.29375
6 0.5845487403890616 0.04140625 0.049406857756487454 0.078125
6 0.6115860374277009 0.509375 0.106606283355371 0.2453125
7 0.42543933401205497 0.12578125 0.15142746042459249 0.2359375
2 0.22456523575496412 0.81328125 0.2879115943003619 0.365625
2 0.6517927148356067 0.29375 0.17790807326946273 0.234375
5 0.20365187019656045 0.884375 0.06314845318850333 0.0421875
5 0.5420017192466208 0.8234375 0.03806656603337366 0.040625
5 0.6152123264372815 0.54453125 0.02959896879233561 0.028125
5 0.48088931535600493 0.409375 0.022857645861557075 0.01875
5 0.6520959300098976 0.3625 0.0388101944820761 0.025
5 0.3833846308235517 0.16796875 0.021213258706427318 0.0171875
5 0.5890248784487024 0.015625 0.016443871551297562 0.015625