6 0.55234375 0.2703125 0.05234375 0.15
6 0.60390625 0.35546875 0.06640625 0.18125
2 0.71171875 0.74375 0.265625 0.446875
2 0.30625 0.5359375 0.2265625 0.421875
2 0.3890625 0.18828125 0.14296875 0.23359375
2 0.40234375 0.09453125 0.1421875 0.1890625
2 0.08046875 0.09296875 0.14765625 0.18515625
4 0.64296875 0.146875 0.1484375 0.29375
5 0.7265625 0.7609375 0.05859375 0.04140625
5 0.2953125 0.5484375 0.05234375 0.04453125
5 0.38515625 0.24765625 0.03828125 0.028125
5 0.07109375 0.12421875 0.03359375 0.02109375
5 0.60234375 0.36953125 0.03125 0.0296875
5 0.64921875 0.22265625 0.03828125 0.02578125
7 0.5546875 0.046875 0.078125 0.09375