2 0.71171875 0.46242309699187983 0.203125 0.28479556006354423
2 0.0515625 0.29074377678536123 0.103125 0.2814875535707224
2 0.62265625 0.13352475527171048 0.1515625 0.247958033278183
2 0.1671875 0.07166826866768639 0.134375 0.11172052434972923
2 0.02421875 0.07932898985373027 0.0484375 0.11178297970746054
4 0.77890625 0.7867456180984935 0.2984375 0.42650876380301295
5 0.72265625 0.47745776176453225 0.04375 0.030451159090609536
5 0.62421875 0.1554270288106608 0.03125 0.022420470779006774
5 0.009375 0.37281989123370207 0.01875 0.0268897824674041
5 0.15859375 0.0730807642034595 0.028125 0.020803423701106105
7 0.5640625 0.04265824756107274 0.103125 0.06742505357072244
5 0.53125 0.013960503243115591 0.015625 0.0096477353895034