2 0.2870128506862494 0.7576023799794745 0.29306816071291697 0.44227035499341094
5 0.2710598891552424 0.8053449883907309 0.05712282218833335 0.03782725292686635
2 0.605694687976562 0.5237485129840111 0.23278266451263932 0.335684011707465
5 0.6139247620647564 0.5393235160090732 0.046039851823611144 0.03151362041330898
6 0.6760124136596178 0.25462580826174686 0.07783797853284735 0.189489746876742
5 0.6753577970183678 0.28275080826174687 0.01922277868534721 0.02042158430895542
7 0.6164958625571875 0.06048220072474843 0.12002417211208342 0.12096440144949686
5 0.5894248694910417 0.048126344267904506 0.01755117591180557 0.0157249939498758
2 0.4405860195672915 0.13335583802138856 0.15516419794763903 0.2227476744716433
5 0.43773247008038185 0.1888336783804682 0.03328527868534721 0.020503397540671965
2 0.0667692727014236 0.017900572306902868 0.08833645459715281 0.035801144613805735
2 0.44394936854111106 0.023863705115047783 0.10897626291777787 0.047727410230095565