4 0.8843893718658968 0.24191750242904136 0.23122125626820625 0.3476773896088489
7 0.632810151491068 0.09147362296646218 0.12325094655564542 0.15676028896022584
7 0.6858863050272002 0.4664287585181214 0.20238818025830946 0.3002569188298422
2 0.44757133346523714 0.05856784537032207 0.1263926669304743 0.10371710957707685
2 0.3524122269722394 0.5183910844132734 0.26012177540202897 0.4058989926931041
2 0.7435564010288497 0.4088714029982342 0.2470929264973858 0.3338330779204517
2 0.7117945533113404 0.785981959007884 0.3064799498543508 0.42803608198423204
2 0.32297374571035087 0.8193187901780419 0.2995647086298394 0.36136241964391624
5 0.34419421318218585 0.6384990328711458 0.04773881802583091 0.030505706168510116
5 0.7140570499461283 0.9783793335991993 0.06051160266556703 0.04009889448011279
5 0.6366424744649569 0.5452162317327602 0.02719899749271768 0.022338650162155815
5 0.7728718279884538 0.4234384634688156 0.03983538981258548 0.02724433847375849
5 0.9127490187381115 0.31968399228277167 0.03353992570596276 0.02557274431795715
5 0.6015146873844455 0.08936565218745537 0.019159176959604098 0.014389782467404078