2 0.36744852385597426 0.8565232673456358 0.29787973654387434 0.28695346530872845
2 0.08759625452255577 0.12203917934436312 0.15956750904511155 0.24389654535327182
2 0.6086567842598821 0.27644924741404175 0.20569223654387442 0.2897181226925444
2 0.5817280348257091 0.07547709341181456 0.1447060696514182 0.13909995735199915
6 0.8418753980092635 0.3018054254455403 0.08557008706427274 0.17276588534372675
7 0.7689534701470725 0.9315885440404073 0.2575336182719372 0.13682291191918558
5 0.35644682609453787 0.9613760413749073 0.06339411465389251 0.047584072008272214
5 0.06155605495209708 0.17639032467377241 0.03576708163720579 0.026962489337999784
5 0.6126891870188442 0.2640037914146781 0.04053646879233561 0.028579533338636054
5 0.5900794453865872 0.05605493141308724 0.029353307326946167 0.023764764003818016
5 0.8457373824054313 0.31590428811263116 0.021295145861557074 0.018986357336090796
6 0.31449626922187685 0.0864214947087708 0.08211753844375372 0.1664795226766359
5 0.3289272614199607 0.0936163767106798 0.01940509724103805 0.012718176002545345