6 0.70390625 0.15625 0.05390625 0.15625
2 0.36640625 0.54296875 0.21015625 0.3140625
2 0.425 0.08359375 0.13828125 0.16640625
2 0.13828125 0.08515625 0.14375 0.1703125
2 0.621875 0.23671875 0.17734375 0.30078125
2 0.04609375 0.23359375 0.0921875 0.31796875
2 0.61328125 0.05390625 0.11328125 0.10703125
5 0.36328125 0.56484375 0.04765625 0.03046875
5 0.62734375 0.29140625 0.034375 0.02578125
5 0.7109375 0.17265625 0.01640625 0.015625
5 0.61640625 0.0359375 0.02890625 0.0203125
5 0.4296875 0.06015625 0.02890625 0.0203125
5 0.13046875 0.1171875 0.0390625 0.0171875