6 0.32421875 0.7031838021242064 0.1484375 0.30744409012915475
6 0.21328125 0.8819871005539959 0.14375 0.17918269780928647
2 0.6921875 0.36076559923384777 0.209375 0.25765469028743926
2 0.2109375 0.05613765439406195 0.153125 0.10445548244902274
2 0.4515625 0.22095162681395486 0.2203125 0.3282854390337981
1 0.61328125 0.6772196618494023 0.3234375 0.5297235700708949
5 0.61171875 0.7599866977427796 0.0578125 0.046994671945039104
5 0.309375 0.7566581431112909 0.0375 0.03702863855894449
5 0.4390625 0.2674629139609734 0.040625 0.03399456677218975
5 0.69765625 0.39061222360702713 0.040625 0.03243206677218966
5 0.20234375 0.0496376018076372 0.03125 0.022784282132453627
2 0.49765625 0.07698031795932395 0.1421875 0.129137233702664
5 0.5015625 0.05209397822588065 0.0328125 0.029079746239076297