2 0.38984375 0.3359375 0.1828125 0.2765625
2 0.4203125 0.0734375 0.13046875 0.146875
2 0.62265625 0.08125 0.13515625 0.16171875
2 0.32421875 0.94765625 0.33046875 0.1046875
2 0.0546875 0.26328125 0.109375 0.32265625
2 0.05234375 0.01796875 0.10390625 0.03515625
2 0.18515625 0.02265625 0.11171875 0.04453125
5 0.04140625 0.00859375 0.0234375 0.0171875
5 0.17421875 0.0046875 0.02421875 0.009375
5 0.01328125 0.35703125 0.02578125 0.025
5 0.38359375 0.33515625 0.03828125 0.025
5 0.42109375 0.04609375 0.02734375 0.0171875
5 0.62734375 0.07265625 0.02578125 0.01953125