7 0.7533852073419278 0.6063765849233591 0.2544717522779001 0.3800049916472975
6 0.4728668945548016 0.20752982403876788 0.08041408404557515 0.17589286660488848
6 0.4880122943712749 0.40063498329459507 0.11871772084904322 0.21777283175849824
2 0.6925262181476202 0.3110988012580952 0.22966917335282222 0.35574903611233466
2 0.47762374203690505 0.08840780180624931 0.15212248407381015 0.14876986061443873
2 0.6821593235928187 0.11971983310926057 0.15826606826055975 0.17393355172143132
5 0.6953521704396378 0.6675025686812903 0.034905621018452494 0.0370833377489479
5 0.6932913285721419 0.41793907829993715 0.04584312101845249 0.037465283665263985
5 0.6907453683170294 0.13327390162091485 0.035922089448421346 0.027762901451278844
5 0.490666857511337 0.4194395469969259 0.029672089448421347 0.02754464664195542
5 0.4719869340173403 0.219194010336437 0.026274073663405773 0.022748019237293703
5 0.477221923635171 0.06812258365741475 0.04208108418674961 0.026418656260602268