7 0.65859375 0.4640625 0.16953125 0.309375
2 0.496875 0.1890625 0.16015625 0.2234375
2 0.11796875 0.096875 0.1359375 0.19375
2 0.9625 0.05 0.07421875 0.1
2 0.034375 0.48359375 0.06875 0.3015625
2 0.44453125 0.03203125 0.1140625 0.0640625
2 0.0453125 0.02890625 0.071875 0.0578125
5 0.615625 0.51015625 0.02578125 0.025
5 0.4953125 0.2 0.034375 0.0203125
5 0.44375 0.0078125 0.0265625 0.015625
5 0.96484375 0.0140625 0.0234375 0.0203125
5 0.1125 0.1421875 0.0296875 0.01953125
5 0.05546875 0.0171875 0.025 0.01796875