6 0.6125 0.83984375 0.10546875 0.31484375
6 0.70234375 0.69453125 0.1109375 0.27890625
2 0.36875 0.36953125 0.19921875 0.32109375
2 0.05078125 0.28359375 0.10078125 0.30703125
2 0.52734375 0.18125 0.18515625 0.284375
2 0.59765625 0.075 0.13515625 0.15
2 0.07265625 0.05703125 0.128125 0.1140625
5 0.6125 0.896875 0.034375 0.03359375
5 0.7046875 0.7234375 0.0203125 0.0296875
5 0.36484375 0.375 0.040625 0.02421875
5 0.54609375 0.240625 0.0328125 0.02265625
5 0.60234375 0.07109375 0.028125 0.01953125
5 0.0640625 0.0734375 0.028125 0.0171875
5 0.0078125 0.38828125 0.01484375 0.02421875