2 0.6625 0.584375 0.225 0.346875
2 0.6703125 0.2359375 0.171875 0.29609375
2 0.64375 0.0515625 0.14296875 0.103125
2 0.51171875 0.115625 0.1359375 0.20703125
2 0.42265625 0.265625 0.178125 0.28359375
2 0.3546875 0.08359375 0.140625 0.1671875
2 0.1375 0.07890625 0.140625 0.1578125
5 0.6625 0.58671875 0.046875 0.03359375
5 0.415625 0.278125 0.0359375 0.02265625
5 0.67109375 0.228125 0.034375 0.0265625
5 0.503125 0.16015625 0.028125 0.0203125
5 0.12734375 0.07890625 0.028125 0.01953125
5 0.37109375 0.0734375 0.02890625 0.0171875
5 0.659375 0.021875 0.028125 0.0171875