6 0.4357449348771629 0.12346399197094127 0.07270537727617335 0.1395405348257091
6 0.6285548413162889 0.6374866276557329 0.13474603919208264 0.2878828595655099
6 0.6626915312745238 0.22896479873206066 0.08367162100796718 0.19471935775648763
2 0.5846227040774928 0.11956546528583259 0.15987040815498563 0.1862318283578454
2 0.3798947178010394 0.45596223145549175 0.2514909214828208 0.3860481218899817
2 0.10965980799670108 0.12275582654882314 0.1483418747688908 0.16534611827193718
2 0.8877082516493526 0.1877134362258747 0.19104150329870534 0.2923932971501809
5 0.3866053705457487 0.5257391429208809 0.0635456744523216 0.03921298620519007
5 0.10815714396922069 0.1515392458161285 0.04167067445232168 0.03806656603337353
5 0.4375574874635877 0.13213962912607102 0.027471782132453625 0.032642081637205764
5 0.593815847651002 0.11380678821661108 0.03854567445232178 0.03790279172311406
5 0.668705850553996 0.2480014037750148 0.027380853919208192 0.029517081637205768
5 0.35536946159934024 0.042025884214453677 0.0271989974927175 0.023267081637205776