4 0.32265625 0.6828125 0.2484375 0.59140625
2 0.08203125 0.153125 0.1640625 0.30625
2 0.609375 0.0953125 0.14140625 0.190625
6 0.49375 0.41015625 0.06875 0.21328125
6 0.434375 0.1859375 0.059375 0.17109375
6 0.4328125 0.06015625 0.05234375 0.08984375
6 0.690625 0.2546875 0.06484375 0.17578125
6 0.7765625 0.58359375 0.078125 0.225
5 0.07578125 0.25546875 0.03671875 0.0265625
5 0.43203125 0.1984375 0.0234375 0.0171875
5 0.6171875 0.05546875 0.03125 0.028125
5 0.69453125 0.2796875 0.0234375 0.021875
5 0.49375 0.43515625 0.028125 0.028125
5 0.77578125 0.6171875 0.028125 0.021875
5 0.31484375 0.85390625 0.05546875 0.03515625