2 0.6156077163638304 0.5811804679791985 0.2872842522779001 0.38115082939624545
2 0.686501129193309 0.23409464765344573 0.22454205759604165 0.321264908707673
2 0.693424505332259 0.05557535508732512 0.16169490514873247 0.11115071017465024
2 0.5516318474821036 0.10687248761779636 0.17229774715740262 0.21374497523559272
2 0.4365466318241449 0.24204359002638265 0.22859252076433875 0.31049109981466555
2 0.4016087316547357 0.07398559310642557 0.1686575366905286 0.14797118621285113
2 0.18703029216396197 0.05978173856725462 0.16656441567207608 0.11956347713450924
5 0.6154712084713225 0.5835242179791986 0.052275131541796326 0.04080853847458741
5 0.42727034236160594 0.25406244038920234 0.04060958944842134 0.027926592558271412
5 0.6885186555016682 0.2262275839511149 0.03932010523343692 0.03255952885594056
5 0.5350212001552918 0.14426579973769674 0.03105257892507769 0.024474210344286273
5 0.17911137635071156 0.030389360529620723 0.031052578925077734 0.024474210344286262
5 0.4206695447947979 0.04612345481717264 0.03243306840173403 0.02140377404661712
5 0.7138126000423524 0.019513792481302604 0.030870568401734032 0.021349210344286256