7 0.728125 0.55390625 0.1921875 0.35078125
6 0.42421875 0.1984375 0.05 0.16875
6 0.4515625 0.3890625 0.08125 0.20625
2 0.6484375 0.26796875 0.17109375 0.33046875
2 0.4203125 0.071875 0.1265625 0.14375
2 0.62578125 0.07734375 0.13046875 0.1546875
5 0.67421875 0.62421875 0.0296875 0.0328125
5 0.65625 0.37421875 0.040625 0.03046875
5 0.63515625 0.08984375 0.03125 0.02265625
5 0.45546875 0.4078125 0.02578125 0.0234375
5 0.42421875 0.21015625 0.0234375 0.01953125
5 0.41953125 0.0578125 0.03828125 0.0203125