6 0.6020267791260225 0.24990416725018566 0.09794670456235507 0.18074201734563583
8 0.398360679279122 0.7254870646085482 0.3424208992388783 0.31633626137808885
2 0.6864959851340714 0.45741612790423164 0.2857199130790427 0.381270370703362
2 0.350196318175058 0.06776601861872947 0.12846719269935694 0.12487382535009013
2 0.13702781471501688 0.08664492998090997 0.13975751977166348 0.0953317760184537
5 0.7078643077577536 0.5079246579010499 0.05152800790866543 0.03808180267345414
2 0.38188408098945825 0.4016137599459116 0.3521725840295698 0.4023464867122707
5 0.32644055281483775 0.5357893126193658 0.059531508897248564 0.04286020934118149
5 0.12306081520930848 0.08446481198281897 0.03057883794672147 0.02222044533736347
5 0.3468776585932374 0.03422681261936581 0.03064250494291585 0.02378294533736345
5 0.6074345207230656 0.2896661012492311 0.025891337946721472 0.022165901336727068