6 0.7346969119159092 0.14956224286972128 0.06393813103709682 0.1034795240041051
2 0.6996185329238764 0.3399508935336512 0.23303042649738578 0.3309874213483853
2 0.2970297081676209 0.6781760387366321 0.3292642319868044 0.4705862525340828
2 0.43074519780928666 0.14623166802873563 0.19899039561857332 0.28860902380771336
2 0.678835705331134 0.08206112548147448 0.15859741316955062 0.13527494554888214
2 0.37812161764275476 0.3779174843837102 0.2544340650563301 0.3686055960164204
5 0.28967184923384776 0.6937555869412341 0.06386392319868044 0.04723861436318479
5 0.3706190062016992 0.4153674874087723 0.0494831744523216 0.03621930113146821
5 0.7061867816702352 0.3509247549699697 0.04479567445232178 0.03619203005422929
5 0.4267025554894186 0.1415214421310366 0.03836381802583091 0.02990566861791084
5 0.6780628155185485 0.05549862548147448 0.03353992570596294 0.02519089754067197
2 0.4633781898917279 0.05971745110802704 0.1361313797834558 0.11483518052176751