6 0.6546875 0.103125 0.05546875 0.16171875
2 0.65859375 0.38359375 0.184375 0.28125
2 0.35546875 0.4171875 0.18046875 0.365625
2 0.4234375 0.209375 0.15234375 0.23046875
2 0.43984375 0.0734375 0.12421875 0.14609375
7 0.71015625 0.88671875 0.2421875 0.2265625
5 0.64609375 0.99296875 0.03515625 0.0140625
5 0.34921875 0.48515625 0.04375 0.02890625
5 0.66640625 0.44453125 0.0390625 0.0265625
5 0.42734375 0.2171875 0.0328125 0.0203125
5 0.66015625 0.12109375 0.01953125 0.0140625
5 0.4359375 0.07421875 0.028125 0.01796875