6 0.58828125 0.43515625 0.07890625 0.228125
2 0.63125 0.209375 0.1796875 0.29453125
6 0.60625 0.04140625 0.0515625 0.03671875
6 0.0921875 0.15234375 0.05703125 0.17109375
5 0.58828125 0.4359375 0.028125 0.0265625
2 0.37421875 0.1046875 0.140625 0.209375
5 0.38203125 0.10546875 0.03125 0.0234375
5 0.6375 0.259375 0.0375 0.028125
2 0.3515625 0.53984375 0.215625 0.32421875
2 0.33359375 0.8296875 0.2890625 0.340625
5 0.34140625 0.615625 0.04609375 0.028125
5 0.321875 0.9484375 0.0578125 0.04140625
2 0.69296875 0.75859375 0.2359375 0.3875
5 0.70234375 0.84609375 0.053125 0.03515625
2 0.95078125 0.64375 0.0984375 0.48125