7 0.940625 0.08472032225340997 0.11875 0.16944064450681995
5 0.9192977811403701 0.09979320782666003 0.022511669961944137 0.01677142017181652
7 0.6106377055509382 0.15276655811991577 0.15387305239490826 0.2559711182719372
5 0.5790667119767289 0.18495493837764057 0.02432883794672147 0.0231033073269463
2 0.41785995653952135 0.16756712177844016 0.16873404844057555 0.23803998982323468
5 0.4122466265014653 0.18351967039895914 0.03533000494291585 0.025239017412854548
2 0.7486788053978388 0.6199806343300547 0.2795919298849567 0.47148765490666855
5 0.7636498893902276 0.622327706356322 0.05777800790866543 0.040447937584671044
6 0.6108857618629981 0.04101898914586615 0.05927152372599629 0.0820379782917323
5 0.6139126027754691 0.060210565921831896 0.01801517095052709 0.021213258706427273
2 0.4246617603801234 0.03924732784981903 0.1180098537640522 0.07849465569963807
5 0.42276633794672147 0.005740448044349819 0.03057883794672147 0.011480896088699639